1 3567 7493 1
1 3590 6936 1
1 3574 10959 1
1 3603 10959 1
1 4465 10959 1
1 4579 10959 1
1 3580 13184 1
1 3605 10924 1
1 3605 306 1
1 3566 572 1
1 3605 572 1
1 3605 7974 1
1 3981 1862 1
1 4025 1862 1
1 4064 1862 1
1 4285 1862 1
1 4782 1862 1
1 3647 321 1
1 3718 321 1
1 4046 321 1
1 4056 321 1
1 4194 321 1
1 4360 321 1
1 4569 321 1
1 4628 321 1
1 4683 321 1
1 3537 6302 1
1 4272 6302 1
1 3544 5975 1
1 3602 13081 1
1 3607 13081 1
1 3688 13081 1
1 3753 13081 1
1 3764 13081 1
1 3784 13081 1
1 3885 13081 1
1 3889 13081 1
1 3893 13081 1
1 3923 13081 1
1 3969 13081 1
1 3986 13081 1
1 3997 13081 1
1 4014 13081 1
1 4109 13081 1
1 4110 13081 1
1 4144 13081 1
1 4176 13081 1
1 4179 13081 1
1 4184 13081 1
1 4200 13081 1
1 4202 13081 1
1 4208 13081 1
1 4242 13081 1
1 4251 13081 1
1 4307 13081 1
1 4310 13081 1
1 4316 13081 1
1 4332 13081 1
1 4355 13081 1
1 4372 13081 1
1 4377 13081 1
1 4410 13081 1
1 4617 13081 1
1 4621 13081 1
1 4672 13081 1
1 4673 13081 1
1 4674 13081 1
1 4726 13081 1
1 4769 13081 1
1 4856 13081 1
1 4862 13081 1
1 3618 7215 1
1 3690 5360 1
1 3692 5360 1
1 3710 5360 1
1 3769 5360 1
1 3786 5360 1
1 3795 5360 1
1 3804 5360 1
1 3826 5360 1
1 3836 5360 1
1 3841 5360 1
1 3848 5360 1
1 3901 5360 1
1 3925 5360 1
1 3931 5360 1
1 3958 5360 1
1 4000 5360 1
1 4031 5360 1
1 4080 5360 1
1 4112 5360 1
1 4124 5360 1
1 4132 5360 1
1 4171 5360 1
1 4189 5360 1
1 4193 5360 1
1 4234 5360 1
1 4255 5360 1
1 4352 5360 1
1 4400 5360 1
1 4420 5360 1
1 4535 5360 1
1 4547 5360 1
1 4570 5360 1
1 4580 5360 1
1 4583 5360 1
1 4584 5360 1
1 4608 5360 1
1 4676 5360 1
1 4734 5360 1
1 4738 5360 1
1 4744 5360 1
1 4745 5360 1
1 4746 5360 1
1 4747 5360 1
1 4810 5360 1
1 4454 17059 1
1 3827 6464 1
1 4609 6464 1
1 3815 14275 1
1 4005 14275 1
1 3747 17001 1
1 4575 17001 1
1 4592 17001 1
1 4669 17001 1
1 4858 17001 1
1 3605 10723 1
1 3570 6206 1
1 4609 6461 1
1 3605 5096 1
1 3610 5107 1
1 3530 8295 1
1 3538 8295 1
1 3539 8295 1
1 3549 8295 1
1 4613 8295 1
1 3586 3320 1
1 3827 13359 1
1 3605 10720 1
1 3570 6207 1
1 3544 5972 1
1 3595 12075 1
1 3612 12075 1
1 3973 5519 1
1 3605 11090 1
1 3632 2687 1
1 3640 2687 1
1 3648 2687 1
1 3690 2687 1
1 3721 2687 1
1 3758 2687 1
1 3767 2687 1
1 3769 2687 1
1 3775 2687 1
1 3777 2687 1
1 3795 2687 1
1 3807 2687 1
1 3814 2687 1
1 3817 2687 1
1 3848 2687 1
1 3852 2687 1
1 3861 2687 1
1 3883 2687 1
1 3886 2687 1
1 3919 2687 1
1 3928 2687 1
1 3938 2687 1
1 3955 2687 1
1 3985 2687 1
1 4030 2687 1
1 4113 2687 1
1 4123 2687 1
1 4127 2687 1
1 4142 2687 1
1 4161 2687 1
1 4171 2687 1
1 4197 2687 1
1 4220 2687 1
1 4305 2687 1
1 4398 2687 1
1 4419 2687 1
1 4426 2687 1
1 4441 2687 1
1 4495 2687 1
1 4504 2687 1
1 4570 2687 1
1 4572 2687 1
1 4576 2687 1
1 4583 2687 1
1 4584 2687 1
1 4643 2687 1
1 4644 2687 1
1 4676 2687 1
1 4680 2687 1
1 4720 2687 1
1 4748 2687 1
1 4784 2687 1
1 4844 2687 1
1 4847 2687 1
1 3569 12346 1
1 3544 5966 1
1 3617 5966 1
1 3719 5966 1
1 4477 5966 1
1 4774 5966 1
1 4797 5966 1
1 4839 5966 1
1 4272 6303 1
1 4238 478 1
1 3593 6930 1
1 3858 6930 1
1 3605 7857 1
1 4463 7857 1
1 3575 11782 1
1 3587 11782 1
1 3619 11782 1
1 4612 11782 1
1 3894 2942 1
1 3910 2942 1
1 4816 2942 1
1 3624 392 1
1 3716 392 1
1 4079 392 1
1 4185 392 1
1 4256 392 1
1 4334 392 1
1 4391 392 1
1 4647 392 1
1 3582 14196 1
1 3737 13067 1
1 3856 13067 1
1 4164 13067 1
1 4281 13067 1
1 4291 13067 1
1 4444 13067 1
1 3605 5170 1
1 3551 10245 1
1 3553 10245 1
1 3554 10245 1
1 3603 10957 1
1 3605 9140 1
1 4184 131 1
1 4044 12645 1
1 4401 12645 1
1 4586 12645 1
1 4668 12645 1
1 3571 9767 1
1 3590 26 1
1 3605 26 1
1 3542 6857 1
1 3611 14327 1
1 4357 7808 1
1 4395 7808 1
1 3656 14120 1
1 3745 14120 1
1 3884 14120 1
1 3943 14120 1
1 4150 14120 1
1 4188 14120 1
1 3599 3233 1
1 3605 10679 1
1 3596 2761 1
1 3556 2315 1
1 4013 7924 1
1 4280 7924 1
1 4578 7924 1
1 3575 12458 1
1 3587 12458 1
1 3569 12347 1
1 3605 10717 1
1 3650 8557 1
1 3717 8557 1
1 3746 8557 1
1 3777 8557 1
1 3882 8557 1
1 3912 8557 1
1 4001 8557 1
1 4013 8557 1
1 4045 8557 1
1 4064 8557 1
1 4080 8557 1
1 4284 8557 1
1 4455 8557 1
1 4465 8557 1
1 4472 8557 1
1 4490 8557 1
1 4514 8557 1
1 4531 8557 1
1 4564 8557 1
1 4813 8557 1
1 3632 2685 1
1 3648 2685 1
1 3655 2685 1
1 3665 2685 1
1 3689 2685 1
1 3690 2685 1
1 3721 2685 1
1 3758 2685 1
1 3767 2685 1
1 3769 2685 1
1 3775 2685 1
1 3787 2685 1
1 3795 2685 1
1 3798 2685 1
1 3807 2685 1
1 3814 2685 1
1 3817 2685 1
1 3822 2685 1
1 3839 2685 1
1 3848 2685 1
1 3852 2685 1
1 3861 2685 1
1 3883 2685 1
1 3886 2685 1
1 3919 2685 1
1 3928 2685 1
1 3931 2685 1
1 3938 2685 1
1 3955 2685 1
1 3958 2685 1
1 3985 2685 1
1 4030 2685 1
1 4072 2685 1
1 4113 2685 1
1 4123 2685 1
1 4142 2685 1
1 4161 2685 1
1 4165 2685 1
1 4171 2685 1
1 4174 2685 1
1 4192 2685 1
1 4193 2685 1
1 4197 2685 1
1 4198 2685 1
1 4220 2685 1
1 4255 2685 1
1 4283 2685 1
1 4305 2685 1
1 4311 2685 1
1 4313 2685 1
1 4343 2685 1
1 4350 2685 1
1 4398 2685 1
1 4419 2685 1
1 4426 2685 1
1 4441 2685 1
1 4495 2685 1
1 4501 2685 1
1 4504 2685 1
1 4525 2685 1
1 4570 2685 1
1 4576 2685 1
1 4578 2685 1
1 4583 2685 1
1 4584 2685 1
1 4676 2685 1
1 4680 2685 1
1 4720 2685 1
1 4741 2685 1
1 4768 2685 1
1 4784 2685 1
1 4844 2685 1
1 3605 10718 1
1 3894 2943 1
1 3910 2943 1
1 3605 10272 1
1 3569 12046 1
1 3605 12046 1
1 3605 9139 1
1 3568 548 1
1 3569 396 1
1 3593 396 1
1 3608 396 1
1 4339 15182 1
1 4450 15182 1
1 3589 13584 1
1 3713 7824 1
1 3924 7824 1
1 3996 7824 1
1 4069 7824 1
1 4146 7824 1
1 4244 7824 1
1 4300 7824 1
1 4311 7824 1
1 4495 7824 1
1 4871 7824 1
1 4351 12551 1
1 3620 780 1
1 4766 780 1
1 4200 13078 1
1 4585 13078 1
1 3618 30 1
1 4379 30 1
1 4725 30 1
1 3793 16662 1
1 3699 5874 1
1 3711 5874 1
1 3727 5874 1
1 3734 5874 1
1 3743 5874 1
1 3799 5874 1
1 3825 5874 1
1 3905 5874 1
1 3954 5874 1
1 4012 5874 1
1 4060 5874 1
1 4077 5874 1
1 4175 5874 1
1 4210 5874 1
1 4262 5874 1
1 4268 5874 1
1 4318 5874 1
1 4327 5874 1
1 4341 5874 1
1 4422 5874 1
1 4463 5874 1
1 4532 5874 1
1 4534 5874 1
1 4543 5874 1
1 4654 5874 1
1 4677 5874 1
1 4697 5874 1
1 4752 5874 1
1 4771 5874 1
1 4772 5874 1
1 4773 5874 1
1 4851 5874 1
1 4388 8214 1
1 3605 460 1
1 4307 460 1
1 4316 460 1
1 3605 7589 1
1 3605 491 1
1 3952 491 1
1 4209 491 1
1 3524 9193 1
1 3540 9193 1
1 3558 9193 1
1 4855 9193 1
1 3605 498 1
1 3612 498 1
1 3605 10722 1
1 3575 4893 1
1 4209 4893 1
1 4352 4893 1
1 3618 356 1
1 3696 14263 1
1 3714 14263 1
1 4285 14263 1
1 4475 14263 1
1 4701 14263 1
1 4722 14263 1
1 4798 14263 1
1 3794 17000 1
1 3956 17000 1
1 3983 17000 1
1 4529 17000 1
1 4669 17000 1
1 3690 5364 1
1 3692 5364 1
1 3710 5364 1
1 3769 5364 1
1 3841 5364 1
1 4000 5364 1
1 4112 5364 1
1 4189 5364 1
1 4352 5364 1
1 4400 5364 1
1 4535 5364 1
1 4547 5364 1
1 4570 5364 1
1 4580 5364 1
1 4583 5364 1
1 4676 5364 1
1 4747 5364 1
1 4810 5364 1
1 3795 7826 1
1 4069 7826 1
1 3827 6462 1
1 4609 6462 1
1 3599 10812 1
1 3608 10812 1
1 3587 496 1
1 3605 496 1
1 3950 496 1
1 3746 8582 1
1 4284 8582 1
1 4122 16278 1
1 4735 16278 1
1 3837 14648 1
1 3937 14648 1
1 4057 14648 1
1 3600 16665 1
1 3571 7690 1
1 3605 12210 1
1 3605 11260 1
1 3564 17398 1
1 4380 17398 1
1 4474 17398 1
1 4490 17398 1
1 4859 17398 1
1 3582 14321 1
1 3534 1205 1
1 4253 1205 1
1 4758 1205 1
1 3590 6781 1
1 3599 6781 1
1 3731 9212 1
1 3605 10685 1
1 3596 2764 1
1 3634 334 1
1 3642 334 1
1 3667 334 1
1 3707 334 1
1 3770 334 1
1 3800 334 1
1 3805 334 1
1 3826 334 1
1 3912 334 1
1 3941 334 1
1 3984 334 1
1 4008 334 1
1 4021 334 1
1 4070 334 1
1 4225 334 1
1 4236 334 1
1 4247 334 1
1 4329 334 1
1 4365 334 1
1 4421 334 1
1 4457 334 1
1 4472 334 1
1 4490 334 1
1 4504 334 1
1 4540 334 1
1 4550 334 1
1 4556 334 1
1 4560 334 1
1 4619 334 1
1 4620 334 1
1 4622 334 1
1 4624 334 1
1 4655 334 1
1 4657 334 1
1 4678 334 1
1 4711 334 1
1 4788 334 1
1 4824 334 1
1 4872 334 1
1 4873 334 1
1 3605 10712 1
1 4490 10712 1
1 3605 1354 1
1 3587 14309 1
1 3590 6941 1
1 3605 6941 1
1 4151 6941 1
1 3649 12025 1
1 3718 12025 1
1 4194 12025 1
1 4207 12025 1
1 4243 12025 1
1 4340 12025 1
1 4766 12025 1
1 4825 12025 1
1 3605 7854 1
1 3591 7253 1
1 3593 7253 1
1 3599 7253 1
1 3577 1023 1
1 3590 5804 1
1 3619 5804 1
1 3592 14232 1
1 3815 14274 1
1 4005 14274 1
1 3605 10715 1
1 3605 7845 1
1 4754 7845 1
1 4761 7845 1
1 3639 14271 1
1 3696 14271 1
1 3721 14271 1
1 3722 14271 1
1 3810 14271 1
1 3897 14271 1
1 3945 14271 1
1 3949 14271 1
1 3978 14271 1
1 4064 14271 1
1 4081 14271 1
1 4138 14271 1
1 4145 14271 1
1 4149 14271 1
1 4170 14271 1
1 4249 14271 1
1 4283 14271 1
1 4284 14271 1
1 4285 14271 1
1 4397 14271 1
1 4414 14271 1
1 4531 14271 1
1 4542 14271 1
1 4574 14271 1
1 4630 14271 1
1 4693 14271 1
1 4695 14271 1
1 3573 8503 1
1 3731 9211 1
1 3618 10550 1
1 3524 7013 1
1 3540 7013 1
1 4050 7013 1
1 4068 7013 1
1 4677 7013 1
1 4842 7013 1
1 4855 7013 1
1 3597 9083 1
1 3827 12042 1
1 4027 12042 1
1 4597 12042 1
1 4609 12042 1
1 3656 13409 1
1 3884 13409 1
1 3943 13409 1
1 4188 13409 1
1 4799 13409 1
1 3618 55 1
1 3668 55 1
1 4074 55 1
1 4129 55 1
1 4286 55 1
1 4379 55 1
1 4424 55 1
1 4474 55 1
1 4478 55 1
1 4594 55 1
1 4595 55 1
1 4665 55 1
1 3605 7080 1
1 3522 12445 1
1 3523 12445 1
1 3525 12445 1
1 3529 12445 1
1 3531 12445 1
1 3555 12445 1
1 3741 12445 1
1 3936 12445 1
1 4837 12445 1
1 3605 10688 1
1 3607 12647 1
1 3688 12647 1
1 3764 12647 1
1 3840 12647 1
1 4129 12647 1
1 4184 12647 1
1 4286 12647 1
1 4334 12647 1
1 4377 12647 1
1 4424 12647 1
1 4486 12647 1
1 4595 12647 1
1 4668 12647 1
1 3617 5960 1
1 3982 5960 1
1 4464 5960 1
1 4571 5960 1
1 3628 6641 1
1 4222 6641 1
1 4436 6641 1
1 3673 1109 1
1 4148 1109 1
1 4390 1109 1
1 4511 1109 1
1 4536 1109 1
1 4581 1109 1
1 3577 1021 1
1 3590 1021 1
1 3618 1021 1
1 3621 1021 1
1 3605 11030 1
1 3617 11030 1
1 4422 11030 1
1 4443 11030 1
1 3625 140 1
1 3915 140 1
1 3940 140 1
1 3957 140 1
1 3995 140 1
1 4024 140 1
1 4090 140 1
1 4120 140 1
1 4181 140 1
1 4261 140 1
1 4530 140 1
1 4544 140 1
1 4646 140 1
1 4648 140 1
1 3609 17371 1
1 3605 10678 1
1 3605 13179 1
1 3619 13179 1
1 3605 302 1
1 4275 302 1
1 4559 302 1
1 3598 17500 1
1 3584 17699 1
1 3605 497 1
1 4450 10373 1
1 3604 15848 1
1 3646 16001 1
1 3522 14460 1
1 3523 14460 1
1 3525 14460 1
1 3529 14460 1
1 3531 14460 1
1 3544 14460 1
1 3718 323 1
1 4046 323 1
1 4211 323 1
1 4053 6332 1
1 3605 10706 1
1 3605 495 1
1 3605 10701 1
1 4575 1328 1
1 4592 1328 1
1 4661 1328 1
1 3690 2689 1
1 3758 2689 1
1 3769 2689 1
1 3775 2689 1
1 3795 2689 1
1 3807 2689 1
1 3848 2689 1
1 3883 2689 1
1 3919 2689 1
1 3955 2689 1
1 3985 2689 1
1 4030 2689 1
1 4113 2689 1
1 4123 2689 1
1 4142 2689 1
1 4161 2689 1
1 4171 2689 1
1 4220 2689 1
1 4305 2689 1
1 4398 2689 1
1 4426 2689 1
1 4495 2689 1
1 4504 2689 1
1 4570 2689 1
1 4583 2689 1
1 4584 2689 1
1 4676 2689 1
1 4720 2689 1
1 4844 2689 1
1 3611 530 1
1 3626 530 1
1 3678 530 1
1 3688 530 1
1 3895 530 1
1 3997 530 1
1 4109 530 1
1 4140 530 1
1 4184 530 1
1 4310 530 1
1 4377 530 1
1 4380 530 1
1 4452 530 1
1 3686 12527 1
1 4277 12527 1
1 3569 29 1
1 3590 29 1
1 3608 29 1
1 3751 29 1
1 4173 29 1
1 4436 29 1
1 3580 12831 1
1 3766 12831 1
1 3610 13517 1
1 3589 1240 1
1 3605 7420 1
1 3618 11110 1
1 4199 11110 1
1 3602 13082 1
1 3607 13082 1
1 3678 13082 1
1 3688 13082 1
1 3753 13082 1
1 3764 13082 1
1 3885 13082 1
1 3889 13082 1
1 3893 13082 1
1 3904 13082 1
1 3906 13082 1
1 3923 13082 1
1 3969 13082 1
1 3986 13082 1
1 3991 13082 1
1 3997 13082 1
1 4014 13082 1
1 4110 13082 1
1 4144 13082 1
1 4176 13082 1
1 4179 13082 1
1 4184 13082 1
1 4200 13082 1
1 4202 13082 1
1 4208 13082 1
1 4242 13082 1
1 4251 13082 1
1 4307 13082 1
1 4310 13082 1
1 4316 13082 1
1 4332 13082 1
1 4355 13082 1
1 4372 13082 1
1 4377 13082 1
1 4402 13082 1
1 4410 13082 1
1 4617 13082 1
1 4621 13082 1
1 4672 13082 1
1 4673 13082 1
1 4674 13082 1
1 4726 13082 1
1 4751 13082 1
1 4769 13082 1
1 4856 13082 1
1 4862 13082 1
1 3574 10960 1
1 3603 10960 1
1 3793 10960 1
1 4465 10960 1
1 3618 216 1
1 4024 10040 1
1 3677 1825 1
1 3749 1825 1
1 3812 1825 1
1 3851 1825 1
1 3863 1825 1
1 3976 1825 1
1 4015 1825 1
1 4101 1825 1
1 4168 1825 1
1 4206 1825 1
1 4250 1825 1
1 4260 1825 1
1 4285 1825 1
1 4363 1825 1
1 4384 1825 1
1 4393 1825 1
1 4473 1825 1
1 4497 1825 1
1 4541 1825 1
1 4633 1825 1
1 3580 270 1
1 3618 270 1
1 3612 12076 1
1 3835 14458 1
1 3982 14458 1
1 4464 14458 1
1 4571 14458 1
1 4826 14458 1
1 4859 14458 1
1 4863 14458 1
1 4875 14458 1
1 4199 11908 1
1 3829 17000 1
1 3605 10704 1
1 3578 819 1
1 4765 819 1
1 3605 500 1
1 3663 331 1
1 3690 331 1
1 3692 331 1
1 3710 331 1
1 3757 331 1
1 3758 331 1
1 3769 331 1
1 3795 331 1
1 3800 331 1
1 3802 331 1
1 3826 331 1
1 3841 331 1
1 3874 331 1
1 3908 331 1
1 3958 331 1
1 3987 331 1
1 4000 331 1
1 4037 331 1
1 4041 331 1
1 4061 331 1
1 4070 331 1
1 4091 331 1
1 4095 331 1
1 4096 331 1
1 4112 331 1
1 4132 331 1
1 4146 331 1
1 4186 331 1
1 4189 331 1
1 4236 331 1
1 4246 331 1
1 4299 331 1
1 4306 331 1
1 4333 331 1
1 4336 331 1
1 4381 331 1
1 4409 331 1
1 4495 331 1
1 4502 331 1
1 4535 331 1
1 4547 331 1
1 4570 331 1
1 4583 331 1
1 4608 331 1
1 4657 331 1
1 4667 331 1
1 4676 331 1
1 4709 331 1
1 4734 331 1
1 4747 331 1
1 4801 331 1
1 4815 331 1
1 4824 331 1
1 4838 331 1
1 4849 331 1
1 3662 7911 1
1 3690 7911 1
1 3691 7911 1
1 3692 7911 1
1 3710 7911 1
1 3752 7911 1
1 3758 7911 1
1 3769 7911 1
1 3795 7911 1
1 3841 7911 1
1 3901 7911 1
1 3913 7911 1
1 3955 7911 1
1 3984 7911 1
1 4000 7911 1
1 4061 7911 1
1 4071 7911 1
1 4112 7911 1
1 4124 7911 1
1 4132 7911 1
1 4247 7911 1
1 4280 7911 1
1 4323 7911 1
1 4329 7911 1
1 4409 7911 1
1 4495 7911 1
1 4502 7911 1
1 4535 7911 1
1 4547 7911 1
1 4570 7911 1
1 4583 7911 1
1 4608 7911 1
1 4667 7911 1
1 4738 7911 1
1 4740 7911 1
1 4741 7911 1
1 4744 7911 1
1 4745 7911 1
1 4810 7911 1
1 4835 7911 1
1 4872 7911 1
1 3566 14618 1
1 3593 14618 1
1 3534 1207 1
1 4253 1207 1
1 4758 1207 1
1 3608 21 1
1 3605 10705 1
1 4114 13064 1
1 3605 9138 1
1 3771 13603 1
1 3605 15205 1
1 3610 13515 1
1 3884 13515 1
1 3746 1868 1
1 3823 1868 1
1 4058 1868 1
1 4064 1868 1
1 3568 9720 1
1 3605 10691 1
1 3578 11723 1
1 3603 11723 1
1 3605 10719 1
1 3618 718 1
1 3690 7919 1
1 3769 7919 1
1 3795 7919 1
1 3802 7919 1
1 3808 7919 1
1 4013 7919 1
1 4119 7919 1
1 4126 7919 1
1 4152 7919 1
1 4267 7919 1
1 4280 7919 1
1 4337 7919 1
1 4403 7919 1
1 4513 7919 1
1 4546 7919 1
1 4570 7919 1
1 4583 7919 1
1 3605 10711 1
1 3720 16189 1
1 3876 16189 1
1 3932 16189 1
1 4714 16189 1
1 3582 395 1
1 3593 395 1
1 3608 395 1
1 3605 7846 1
1 3605 10686 1
1 3565 10034 1
1 3646 10034 1
1 3590 6962 1
1 3677 1830 1
1 3714 1830 1
1 3749 1830 1
1 3863 1830 1
1 3976 1830 1
1 4015 1830 1
1 4094 1830 1
1 4101 1830 1
1 4168 1830 1
1 4206 1830 1
1 4250 1830 1
1 4260 1830 1
1 4285 1830 1
1 4363 1830 1
1 4384 1830 1
1 4393 1830 1
1 4473 1830 1
1 4497 1830 1
1 4541 1830 1
1 4633 1830 1
1 4765 1830 1
1 3568 2027 1
1 3582 2027 1
1 3599 2027 1
1 3612 2027 1
1 3733 17059 1
1 3759 17059 1
1 3859 17059 1
1 3866 17059 1
1 3867 17059 1
1 3959 17059 1
1 4048 17059 1
1 4055 17059 1
1 4456 17059 1
1 3686 14027 1
1 3867 14027 1
1 4039 14027 1
1 4369 14027 1
1 4430 14027 1
1 4086 6379 1
1 4344 10361 1
1 4422 10361 1
1 4833 10361 1
1 3605 9814 1
1 3605 7844 1
1 3605 5098 1
1 3651 5098 1
1 3866 5098 1
1 3977 5098 1
1 4048 5098 1
1 4485 5098 1
1 4509 5098 1
1 3566 14617 1
1 3593 14617 1
1 4413 14617 1
1 4018 8262 1
1 4322 8262 1
1 3617 5973 1
1 3605 7851 1
1 3605 10700 1
1 3646 564 1
1 3618 7214 1
1 3663 333 1
1 3690 333 1
1 3692 333 1
1 3710 333 1
1 3769 333 1
1 3795 333 1
1 3800 333 1
1 3841 333 1
1 3908 333 1
1 3987 333 1
1 4000 333 1
1 4096 333 1
1 4112 333 1
1 4132 333 1
1 4189 333 1
1 4299 333 1
1 4495 333 1
1 4535 333 1
1 4547 333 1
1 4570 333 1
1 4583 333 1
1 4608 333 1
1 4657 333 1
1 4667 333 1
1 4676 333 1
1 4709 333 1
1 4824 333 1
1 4838 333 1
1 3542 12868 1
1 4534 12868 1
1 3590 7198 1
1 3714 7198 1
1 3578 6756 1
1 3593 6756 1
1 3580 187 1
1 3618 187 1
1 4005 4897 1
1 4046 324 1
1 4569 324 1
1 3587 15653 1
1 3675 1854 1
1 4064 1854 1
1 4221 1854 1
1 4588 1854 1
1 3605 7410 1
1 3605 305 1
1 3584 17700 1
1 3617 5977 1
1 3590 7203 1
1 3879 7203 1
1 4523 7203 1
1 3605 10690 1
1 4164 13068 1
1 4291 13068 1
1 4302 13068 1
1 3827 8655 1
1 4609 8655 1
1 3588 13613 1
1 3578 11230 1
1 3568 7004 1
1 3593 7004 1
1 4766 7004 1
1 3994 3200 1
1 3579 12650 1
1 3605 10707 1
1 3605 7419 1
1 3590 6660 1
1 3557 1923 1
1 3617 12881 1
1 3888 12881 1
1 3633 6647 1
1 3636 6647 1
1 3676 6647 1
1 3681 6647 1
1 3685 6647 1
1 3744 6647 1
1 3750 6647 1
1 3783 6647 1
1 3803 6647 1
1 3831 6647 1
1 3833 6647 1
1 3846 6647 1
1 3853 6647 1
1 3887 6647 1
1 3899 6647 1
1 3961 6647 1
1 4009 6647 1
1 4036 6647 1
1 4083 6647 1
1 4089 6647 1
1 4183 6647 1
1 4190 6647 1
1 4215 6647 1
1 4226 6647 1
1 4233 6647 1
1 4274 6647 1
1 4425 6647 1
1 4524 6647 1
1 4545 6647 1
1 4552 6647 1
1 4561 6647 1
1 4649 6647 1
1 4650 6647 1
1 4651 6647 1
1 4652 6647 1
1 4704 6647 1
1 4705 6647 1
1 4706 6647 1
1 4707 6647 1
1 4717 6647 1
1 4718 6647 1
1 4721 6647 1
1 4722 6647 1
1 4452 5101 1
1 4471 5101 1
1 3577 7049 1
1 3590 7049 1
1 4075 15791 1
1 4567 15791 1
1 4795 15791 1
1 4854 15791 1
1 3521 8023 1
1 3526 8023 1
1 3528 8023 1
1 3533 8023 1
1 3546 8023 1
1 3547 8023 1
1 3548 8023 1
1 3558 6571 1
1 4774 6571 1
1 3582 15443 1
1 3690 5363 1
1 3692 5363 1
1 3710 5363 1
1 3769 5363 1
1 3795 5363 1
1 3804 5363 1
1 3837 5363 1
1 3841 5363 1
1 3848 5363 1
1 4000 5363 1
1 4112 5363 1
1 4132 5363 1
1 4171 5363 1
1 4352 5363 1
1 4535 5363 1
1 4547 5363 1
1 4570 5363 1
1 4580 5363 1
1 4583 5363 1
1 4608 5363 1
1 4676 5363 1
1 4810 5363 1
1 3589 10553 1
1 3608 9030 1
1 3662 7917 1
1 3691 7917 1
1 3692 7917 1
1 3710 7917 1
1 3757 7917 1
1 3841 7917 1
1 3931 7917 1
1 4000 7917 1
1 4112 7917 1
1 4193 7917 1
1 4495 7917 1
1 4535 7917 1
1 4547 7917 1
1 4584 7917 1
1 4587 7917 1
1 3560 5652 1
1 3590 7207 1
1 3879 7207 1
1 4523 7207 1
1 3605 303 1
1 4275 303 1
1 4559 303 1
1 3605 10689 1
1 3544 6842 1
1 3590 6842 1
1 3617 6842 1
1 4385 6842 1
1 4479 6842 1
1 3576 11247 1
1 3690 2688 1
1 3758 2688 1
1 3769 2688 1
1 3775 2688 1
1 3795 2688 1
1 3807 2688 1
1 3817 2688 1
1 3848 2688 1
1 3852 2688 1
1 3883 2688 1
1 3919 2688 1
1 3955 2688 1
1 3985 2688 1
1 4030 2688 1
1 4113 2688 1
1 4123 2688 1
1 4142 2688 1
1 4161 2688 1
1 4171 2688 1
1 4197 2688 1
1 4220 2688 1
1 4305 2688 1
1 4398 2688 1
1 4426 2688 1
1 4495 2688 1
1 4504 2688 1
1 4570 2688 1
1 4583 2688 1
1 4584 2688 1
1 4676 2688 1
1 4720 2688 1
1 4748 2688 1
1 4844 2688 1
1 3994 3141 1
1 4431 3141 1
1 3568 9719 1
1 3605 7852 1
1 3593 479 1
1 3596 2766 1
1 3631 2691 1
1 3648 2691 1
1 3768 2691 1
1 4076 2691 1
1 4446 2691 1
1 4470 2691 1
1 4513 2691 1
1 3656 14119 1
1 3745 14119 1
1 3884 14119 1
1 3943 14119 1
1 4144 14119 1
1 3593 6929 1
1 3858 6929 1
1 3890 6929 1
1 3701 8600 1
1 3892 8600 1
1 4465 8600 1
1 4511 8600 1
1 3590 7205 1
1 3879 7205 1
1 3925 7205 1
1 4320 7205 1
1 4403 7205 1
1 3945 1901 1
1 4030 1901 1
1 4031 1901 1
1 4148 1901 1
1 4217 1901 1
1 4221 1901 1
1 4234 1901 1
1 4299 1901 1
1 4386 1901 1
1 4422 1901 1
1 4426 1901 1
1 4455 1901 1
1 4469 1901 1
1 4588 1901 1
1 4695 1901 1
1 4782 1901 1
1 3640 11298 1
1 3735 11298 1
1 3755 11298 1
1 3758 11298 1
1 3763 11298 1
1 3768 11298 1
1 3920 11298 1
1 4020 11298 1
1 4052 11298 1
1 4102 11298 1
1 4106 11298 1
1 4201 11298 1
1 4221 11298 1
1 4228 11298 1
1 4237 11298 1
1 4276 11298 1
1 4295 11298 1
1 4326 11298 1
1 4437 11298 1
1 4532 11298 1
1 4539 11298 1
1 4827 11298 1
1 3729 670 1
1 4139 670 1
1 4579 670 1
1 3578 11229 1
1 3605 9137 1
1 3572 145 1
1 3813 145 1
1 3907 145 1
1 3960 145 1
1 4076 145 1
1 4078 145 1
1 4131 145 1
1 4193 145 1
1 4227 145 1
1 4315 145 1
1 4345 145 1
1 4353 145 1
1 4373 145 1
1 4476 145 1
1 4546 145 1
1 4589 145 1
1 4658 145 1
1 4675 145 1
1 4762 145 1
1 3605 10703 1
1 3618 469 1
1 4519 469 1
1 3664 3358 1
1 3797 3358 1
1 3891 3358 1
1 3911 3358 1
1 3953 3358 1
1 4085 3358 1
1 4342 3358 1
1 4416 3358 1
1 4491 3358 1
1 4507 3358 1
1 4516 3358 1
1 4554 3358 1
1 3712 1856 1
1 3746 1856 1
1 3812 1856 1
1 3823 1856 1
1 3830 1856 1
1 3981 1856 1
1 4030 1856 1
1 4058 1856 1
1 4064 1856 1
1 4386 1856 1
1 4412 1856 1
1 4469 1856 1
1 4850 1856 1
1 4614 1896 1
1 3593 6927 1
1 3673 6927 1
1 3858 6927 1
1 4148 6927 1
1 4275 6927 1
1 4390 6927 1
1 4511 6927 1
1 4536 6927 1
1 4581 6927 1
1 4664 6927 1
1 3618 796 1
1 3618 88 1
1 4597 88 1
1 3680 12018 1
1 3704 12018 1
1 3718 12018 1
1 4296 12018 1
1 4517 12018 1
1 4569 12018 1
1 4628 12018 1
1 4694 12018 1
1 4793 12018 1
1 4809 12018 1
1 4874 12018 1
1 3618 2416 1
1 3605 463 1
1 3543 8396 1
1 4169 8396 1
1 3582 15395 1
1 3689 7823 1
1 3690 7823 1
1 3724 7823 1
1 3758 7823 1
1 3769 7823 1
1 3776 7823 1
1 3777 7823 1
1 3787 7823 1
1 3795 7823 1
1 3798 7823 1
1 3802 7823 1
1 3834 7823 1
1 3848 7823 1
1 3855 7823 1
1 3861 7823 1
1 3880 7823 1
1 3883 7823 1
1 3901 7823 1
1 3955 7823 1
1 3971 7823 1
1 3981 7823 1
1 4045 7823 1
1 4061 7823 1
1 4069 7823 1
1 4117 7823 1
1 4124 7823 1
1 4132 7823 1
1 4135 7823 1
1 4143 7823 1
1 4146 7823 1
1 4161 7823 1
1 4162 7823 1
1 4171 7823 1
1 4182 7823 1
1 4186 7823 1
1 4220 7823 1
1 4265 7823 1
1 4278 7823 1
1 4294 7823 1
1 4305 7823 1
1 4321 7823 1
1 4335 7823 1
1 4338 7823 1
1 4349 7823 1
1 4426 7823 1
1 4428 7823 1
1 4432 7823 1
1 4440 7823 1
1 4461 7823 1
1 4468 7823 1
1 4495 7823 1
1 4499 7823 1
1 4504 7823 1
1 4523 7823 1
1 4525 7823 1
1 4526 7823 1
1 4570 7823 1
1 4582 7823 1
1 4583 7823 1
1 4584 7823 1
1 4590 7823 1
1 4608 7823 1
1 4676 7823 1
1 4739 7823 1
1 4742 7823 1
1 4743 7823 1
1 4778 7823 1
1 4782 7823 1
1 4794 7823 1
1 4815 7823 1
1 4836 7823 1
1 4841 7823 1
1 4857 7823 1
1 4866 7823 1
1 4867 7823 1
1 4868 7823 1
1 4869 7823 1
1 4380 1977 1
1 3571 9766 1
1 3605 494 1
1 3574 1215 1
1 3597 9122 1
1 3690 7916 1
1 3691 7916 1
1 3692 7916 1
1 3710 7916 1
1 3758 7916 1
1 3769 7916 1
1 3795 7916 1
1 3802 7916 1
1 3836 7916 1
1 3837 7916 1
1 3841 7916 1
1 3848 7916 1
1 3861 7916 1
1 3883 7916 1
1 3896 7916 1
1 3901 7916 1
1 3925 7916 1
1 3955 7916 1
1 4000 7916 1
1 4013 7916 1
1 4061 7916 1
1 4080 7916 1
1 4095 7916 1
1 4112 7916 1
1 4113 7916 1
1 4124 7916 1
1 4132 7916 1
1 4146 7916 1
1 4171 7916 1
1 4193 7916 1
1 4227 7916 1
1 4255 7916 1
1 4298 7916 1
1 4304 7916 1
1 4426 7916 1
1 4495 7916 1
1 4502 7916 1
1 4504 7916 1
1 4535 7916 1
1 4547 7916 1
1 4570 7916 1
1 4583 7916 1
1 4584 7916 1
1 4587 7916 1
1 4608 7916 1
1 4667 7916 1
1 4676 7916 1
1 4738 7916 1
1 4741 7916 1
1 4744 7916 1
1 4745 7916 1
1 4746 7916 1
1 4747 7916 1
1 4783 7916 1
1 4813 7916 1
1 4815 7916 1
1 4829 7916 1
1 3561 15486 1
1 3827 8776 1
1 4027 8776 1
1 4597 8776 1
1 4609 8776 1
1 4789 8776 1
1 3590 7206 1
1 3593 7206 1
1 3879 7206 1
1 3646 10035 1
1 4199 5743 1
1 4496 5743 1
1 3618 221 1
1 3662 7915 1
1 3752 7915 1
1 4071 7915 1
1 4323 7915 1
1 4324 7915 1
1 3746 8561 1
1 3882 8561 1
1 4001 8561 1
1 4465 8561 1
1 4514 8561 1
1 3635 13016 1
1 4461 11134 1
1 3605 304 1
1 4275 304 1
1 4559 304 1
1 4759 304 1
1 3532 8027 1
1 3618 56 1
1 4379 56 1
1 3635 13022 1
1 3633 6650 1
1 3636 6650 1
1 3676 6650 1
1 3681 6650 1
1 3685 6650 1
1 3744 6650 1
1 3750 6650 1
1 3783 6650 1
1 3803 6650 1
1 3831 6650 1
1 3833 6650 1
1 3846 6650 1
1 3887 6650 1
1 3899 6650 1
1 3961 6650 1
1 4009 6650 1
1 4036 6650 1
1 4083 6650 1
1 4089 6650 1
1 4183 6650 1
1 4190 6650 1
1 4215 6650 1
1 4226 6650 1
1 4233 6650 1
1 4274 6650 1
1 4425 6650 1
1 4524 6650 1
1 4545 6650 1
1 4552 6650 1
1 4561 6650 1
1 4649 6650 1
1 4650 6650 1
1 4651 6650 1
1 4652 6650 1
1 4704 6650 1
1 4705 6650 1
1 4706 6650 1
1 4707 6650 1
1 4717 6650 1
1 4718 6650 1
1 4721 6650 1
1 4722 6650 1
1 3605 10687 1
1 3806 13077 1
1 4444 13077 1
1 4512 13077 1
1 4585 13077 1
1 3662 7914 1
1 3690 7914 1
1 3769 7914 1
1 3795 7914 1
1 4570 7914 1
1 4583 7914 1
1 3633 6649 1
1 3636 6649 1
1 3676 6649 1
1 3681 6649 1
1 3685 6649 1
1 3744 6649 1
1 3750 6649 1
1 3783 6649 1
1 3803 6649 1
1 3833 6649 1
1 3846 6649 1
1 3887 6649 1
1 3899 6649 1
1 4009 6649 1
1 4036 6649 1
1 4083 6649 1
1 4089 6649 1
1 4183 6649 1
1 4226 6649 1
1 4233 6649 1
1 4274 6649 1
1 4425 6649 1
1 4524 6649 1
1 4649 6649 1
1 4650 6649 1
1 4651 6649 1
1 4652 6649 1
1 4704 6649 1
1 4705 6649 1
1 4722 6649 1
1 3605 488 1
1 3577 222 1
1 3604 16177 1
1 3781 1860 1
1 3981 1860 1
1 4004 1860 1
1 4064 1860 1
1 4285 1860 1
1 4782 1860 1
1 4806 1860 1
1 3673 1115 1
1 4148 1115 1
1 4390 1115 1
1 4511 1115 1
1 4536 1115 1
1 4581 1115 1
1 3605 10721 1
1 3580 12021 1
1 3647 12021 1
1 3718 12021 1
1 4056 12021 1
1 4194 12021 1
1 4211 12021 1
1 4294 12021 1
1 4444 12021 1
1 4467 12021 1
1 4683 12021 1
1 4694 12021 1
1 4809 12021 1
1 4196 8546 1
1 3614 7950 1
1 3571 11922 1
1 3605 10713 1
1 3572 11994 1
1 3815 14276 1
1 4005 14276 1
1 3994 3157 1
1 3815 14277 1
1 4005 14277 1
1 4105 9142 1
1 3605 10716 1
1 3657 328 1
1 3690 328 1
1 3738 328 1
1 3758 328 1
1 3769 328 1
1 3780 328 1
1 3795 328 1
1 3800 328 1
1 3818 328 1
1 3826 328 1
1 3848 328 1
1 3874 328 1
1 3875 328 1
1 3882 328 1
1 3883 328 1
1 3901 328 1
1 3955 328 1
1 3958 328 1
1 4001 328 1
1 4008 328 1
1 4019 328 1
1 4030 328 1
1 4061 328 1
1 4070 328 1
1 4080 328 1
1 4091 328 1
1 4095 328 1
1 4098 328 1
1 4104 328 1
1 4121 328 1
1 4124 328 1
1 4132 328 1
1 4146 328 1
1 4171 328 1
1 4186 328 1
1 4217 328 1
1 4236 328 1
1 4246 328 1
1 4255 328 1
1 4299 328 1
1 4305 328 1
1 4306 328 1
1 4333 328 1
1 4409 328 1
1 4426 328 1
1 4490 328 1
1 4495 328 1
1 4502 328 1
1 4504 328 1
1 4514 328 1
1 4525 328 1
1 4535 328 1
1 4547 328 1
1 4570 328 1
1 4583 328 1
1 4596 328 1
1 4608 328 1
1 4622 328 1
1 4658 328 1
1 4659 328 1
1 4676 328 1
1 4708 328 1
1 4710 328 1
1 4738 328 1
1 4745 328 1
1 4747 328 1
1 4813 328 1
1 4824 328 1
1 4838 328 1
1 4845 328 1
1 4846 328 1
1 4849 328 1
1 3819 16671 1
1 3932 16671 1
1 3965 16671 1
1 4157 16671 1
1 3550 5818 1
1 4601 5818 1
1 3605 10708 1
1 3605 486 1
1 3610 486 1
1 4150 486 1
1 4344 10360 1
1 4422 10360 1
1 4833 10360 1
1 3559 8406 1
1 3672 8406 1
1 3590 1317 1
1 3597 1317 1
1 3609 1317 1
1 3614 1317 1
1 3593 6770 1
1 3574 1017 1
1 3973 5518 1
1 3605 308 1
1 3633 6648 1
1 3636 6648 1
1 3676 6648 1
1 3681 6648 1
1 3685 6648 1
1 3744 6648 1
1 3750 6648 1
1 3783 6648 1
1 3803 6648 1
1 3831 6648 1
1 3833 6648 1
1 3846 6648 1
1 3853 6648 1
1 3887 6648 1
1 3899 6648 1
1 3961 6648 1
1 4009 6648 1
1 4036 6648 1
1 4083 6648 1
1 4089 6648 1
1 4183 6648 1
1 4190 6648 1
1 4215 6648 1
1 4226 6648 1
1 4233 6648 1
1 4274 6648 1
1 4425 6648 1
1 4524 6648 1
1 4545 6648 1
1 4552 6648 1
1 4561 6648 1
1 4649 6648 1
1 4650 6648 1
1 4651 6648 1
1 4652 6648 1
1 4704 6648 1
1 4705 6648 1
1 4706 6648 1
1 4707 6648 1
1 4717 6648 1
1 4718 6648 1
1 4721 6648 1
1 4722 6648 1
1 3605 10682 1
1 4035 13230 1
1 3535 6776 1
1 3577 1026 1
1 3587 1026 1
1 3577 7048 1
1 3590 7048 1
1 3599 7048 1
1 3870 2634 1
1 3640 7918 1
1 3690 7918 1
1 3691 7918 1
1 3692 7918 1
1 3710 7918 1
1 3769 7918 1
1 3795 7918 1
1 3802 7918 1
1 3836 7918 1
1 3841 7918 1
1 3848 7918 1
1 3861 7918 1
1 4000 7918 1
1 4061 7918 1
1 4112 7918 1
1 4132 7918 1
1 4171 7918 1
1 4193 7918 1
1 4495 7918 1
1 4502 7918 1
1 4535 7918 1
1 4538 7918 1
1 4547 7918 1
1 4570 7918 1
1 4583 7918 1
1 4584 7918 1
1 4587 7918 1
1 4608 7918 1
1 4667 7918 1
1 4676 7918 1
1 4813 7918 1
1 4815 7918 1
1 4833 7918 1
1 3677 1832 1
1 3714 1832 1
1 3749 1832 1
1 3863 1832 1
1 3976 1832 1
1 4015 1832 1
1 4101 1832 1
1 4168 1832 1
1 4206 1832 1
1 4250 1832 1
1 4260 1832 1
1 4285 1832 1
1 4363 1832 1
1 4384 1832 1
1 4497 1832 1
1 4541 1832 1
1 3522 6355 1
1 3525 6355 1
1 3529 6355 1
1 3531 6355 1
1 3796 6355 1
1 3799 15412 1
1 3605 13225 1
1 3605 10680 1
1 3605 6724 1
1 3571 11923 1
1 3609 11923 1
1 3605 10692 1
1 3686 12549 1
1 4039 12549 1
1 4430 12549 1
1 3617 12896 1
1 3605 10683 1
1 3605 7804 1
1 3673 8592 1
1 3789 8592 1
1 3863 8592 1
1 4168 8592 1
1 4363 8592 1
1 4367 8592 1
1 4465 8592 1
1 4473 8592 1
1 4511 8592 1
1 3605 485 1
1 3610 485 1
1 4150 485 1
1 3734 12175 1
1 3743 12175 1
1 3785 12175 1
1 3799 12175 1
1 3809 12175 1
1 3825 12175 1
1 3999 12175 1
1 4012 12175 1
1 4115 12175 1
1 4210 12175 1
1 4219 12175 1
1 4327 12175 1
1 4670 12175 1
1 4677 12175 1
1 4697 12175 1
1 4851 12175 1
1 3605 7975 1
1 3648 2686 1
1 3690 2686 1
1 3721 2686 1
1 3758 2686 1
1 3767 2686 1
1 3769 2686 1
1 3775 2686 1
1 3795 2686 1
1 3807 2686 1
1 3814 2686 1
1 3817 2686 1
1 3822 2686 1
1 3839 2686 1
1 3848 2686 1
1 3852 2686 1
1 3861 2686 1
1 3883 2686 1
1 3886 2686 1
1 3907 2686 1
1 3919 2686 1
1 3928 2686 1
1 3931 2686 1
1 3938 2686 1
1 3955 2686 1
1 3985 2686 1
1 4030 2686 1
1 4113 2686 1
1 4123 2686 1
1 4126 2686 1
1 4142 2686 1
1 4161 2686 1
1 4171 2686 1
1 4192 2686 1
1 4197 2686 1
1 4220 2686 1
1 4283 2686 1
1 4305 2686 1
1 4382 2686 1
1 4398 2686 1
1 4419 2686 1
1 4426 2686 1
1 4441 2686 1
1 4489 2686 1
1 4495 2686 1
1 4501 2686 1
1 4504 2686 1
1 4570 2686 1
1 4572 2686 1
1 4576 2686 1
1 4583 2686 1
1 4584 2686 1
1 4642 2686 1
1 4643 2686 1
1 4644 2686 1
1 4676 2686 1
1 4680 2686 1
1 4720 2686 1
1 4844 2686 1
1 4868 2686 1
1 3570 6208 1
1 3576 15080 1
1 3596 6718 1
1 3952 6718 1
1 3599 2451 1
1 3605 2451 1
1 3605 13555 1
1 3610 13555 1
1 3605 12044 1
1 3663 332 1
1 3690 332 1
1 3692 332 1
1 3710 332 1
1 3732 332 1
1 3769 332 1
1 3795 332 1
1 3800 332 1
1 3841 332 1
1 3908 332 1
1 3987 332 1
1 4000 332 1
1 4070 332 1
1 4095 332 1
1 4096 332 1
1 4112 332 1
1 4124 332 1
1 4132 332 1
1 4189 332 1
1 4299 332 1
1 4495 332 1
1 4535 332 1
1 4547 332 1
1 4570 332 1
1 4583 332 1
1 4608 332 1
1 4657 332 1
1 4667 332 1
1 4676 332 1
1 4709 332 1
1 4824 332 1
1 4838 332 1
1 3614 126 1
1 3751 126 1
1 3605 7708 1
1 3672 7708 1
1 4047 7708 1
1 4433 7708 1
1 4451 7708 1
1 4453 7708 1
1 3657 329 1
1 3690 329 1
1 3738 329 1
1 3769 329 1
1 3780 329 1
1 3795 329 1
1 3800 329 1
1 3818 329 1
1 3848 329 1
1 3882 329 1
1 3901 329 1
1 4001 329 1
1 4008 329 1
1 4030 329 1
1 4070 329 1
1 4080 329 1
1 4095 329 1
1 4104 329 1
1 4121 329 1
1 4124 329 1
1 4132 329 1
1 4141 329 1
1 4171 329 1
1 4495 329 1
1 4502 329 1
1 4514 329 1
1 4535 329 1
1 4547 329 1
1 4570 329 1
1 4583 329 1
1 4598 329 1
1 4608 329 1
1 4676 329 1
1 4708 329 1
1 4710 329 1
1 4734 329 1
1 4738 329 1
1 4745 329 1
1 4813 329 1
1 4824 329 1
1 4838 329 1
1 3605 7855 1
1 3690 5362 1
1 3692 5362 1
1 3710 5362 1
1 3769 5362 1
1 3795 5362 1
1 3821 5362 1
1 3837 5362 1
1 3841 5362 1
1 3925 5362 1
1 4000 5362 1
1 4112 5362 1
1 4132 5362 1
1 4352 5362 1
1 4455 5362 1
1 4533 5362 1
1 4535 5362 1
1 4547 5362 1
1 4570 5362 1
1 4580 5362 1
1 4583 5362 1
1 4584 5362 1
1 4608 5362 1
1 4667 5362 1
1 4676 5362 1
1 4810 5362 1
1 4829 5362 1
1 3605 487 1
1 3610 487 1
1 3963 15413 1
1 3605 7720 1
1 3605 9806 1
1 3563 8398 1
1 4863 8398 1
1 3605 462 1
1 4281 462 1
1 3610 13552 1
1 3588 1422 1
1 3605 1422 1
1 3605 10710 1
1 3559 2267 1
1 3605 493 1
1 3590 6661 1
1 3590 12971 1
1 3605 9813 1
1 3590 6782 1
1 3599 6782 1
1 3621 10581 1
1 3603 4955 1
1 3605 12045 1
1 3728 13075 1
1 4059 13075 1
1 4281 13075 1
1 4512 13075 1
1 3570 16151 1
1 3584 16151 1
1 3793 16151 1
1 4159 16151 1
1 3572 11993 1
1 3566 10339 1
1 3605 10339 1
1 3593 6910 1
1 3605 461 1
1 4715 461 1
1 4487 13103 1
1 3571 117 1
1 4056 12032 1
1 4294 12032 1
1 3527 3240 1
1 4340 12012 1
1 4467 12012 1
1 4874 12012 1
1 3640 11299 1
1 3735 11299 1
1 3755 11299 1
1 3758 11299 1
1 3763 11299 1
1 3802 11299 1
1 3879 11299 1
1 3920 11299 1
1 4020 11299 1
1 4052 11299 1
1 4057 11299 1
1 4102 11299 1
1 4106 11299 1
1 4201 11299 1
1 4212 11299 1
1 4221 11299 1
1 4228 11299 1
1 4237 11299 1
1 4276 11299 1
1 4295 11299 1
1 4532 11299 1
1 4555 11299 1
1 4827 11299 1
1 3827 1481 1
1 4035 7465 1
1 3867 2892 1
1 3580 177 1
1 3618 177 1
1 3590 7191 1
1 3673 7191 1
1 4148 7191 1
1 4390 7191 1
1 4524 7191 1
1 4536 7191 1
1 4581 7191 1
1 3590 7208 1
1 3640 7208 1
1 3768 7208 1
1 3822 7208 1
1 3937 7208 1
1 4063 7208 1
1 4119 7208 1
1 4275 7208 1
1 4289 7208 1
1 4320 7208 1
1 4403 7208 1
1 4511 7208 1
1 4513 7208 1
1 4523 7208 1
1 4567 7208 1
1 4177 10051 1
1 4544 10051 1
1 3663 8568 1
1 3668 8568 1
1 3784 8568 1
1 3842 8568 1
1 4224 8568 1
1 4379 8568 1
1 4478 8568 1
1 4665 8568 1
1 3605 17193 1
1 3591 7252 1
1 3605 7252 1
1 3705 7252 1
1 3662 7927 1
1 3690 7927 1
1 3691 7927 1
1 3692 7927 1
1 3769 7927 1
1 3795 7927 1
1 4146 7927 1
1 4547 7927 1
1 4570 7927 1
1 4583 7927 1
1 4829 7927 1
1 3536 8212 1
1 3552 8212 1
1 3999 12368 1
1 4458 12368 1
1 4769 12368 1
1 3536 8211 1
1 3552 8211 1
1 3662 7913 1
1 3690 7913 1
1 3692 7913 1
1 3710 7913 1
1 3752 7913 1
1 3757 7913 1
1 3769 7913 1
1 3795 7913 1
1 3841 7913 1
1 4000 7913 1
1 4071 7913 1
1 4095 7913 1
1 4112 7913 1
1 4132 7913 1
1 4292 7913 1
1 4323 7913 1
1 4324 7913 1
1 4362 7913 1
1 4535 7913 1
1 4547 7913 1
1 4570 7913 1
1 4583 7913 1
1 4608 7913 1
1 4667 7913 1
1 3582 15396 1
1 3521 8022 1
1 3526 8022 1
1 3528 8022 1
1 3533 8022 1
1 3546 8022 1
1 3547 8022 1
1 3548 8022 1
1 3605 16934 1
1 3656 13408 1
1 3884 13408 1
1 3943 13408 1
1 4188 13408 1
1 4346 13408 1
1 4799 13408 1
1 3618 217 1
1 3795 1910 1
1 4112 1910 1
1 4217 1910 1
1 3590 7162 1
1 3608 7162 1
1 4173 7162 1
1 3823 11049 1
1 3825 11049 1
1 3849 11049 1
1 3999 11049 1
1 4087 11049 1
1 4099 11049 1
1 4386 11049 1
1 4488 11049 1
1 4670 11049 1
1 3574 1031 1
1 3577 1031 1
1 3603 1031 1
1 3618 1031 1
1 4196 8601 1
1 4588 8601 1
1 3592 12320 1
1 3545 2298 1
1 3618 557 1
1 3605 10709 1
1 4005 1013 1
1 3746 1872 1
1 3778 1872 1
1 3946 1872 1
1 4058 1872 1
1 4412 1872 1
1 4783 1872 1
1 4439 12514 1
1 3605 10684 1
1 3720 16187 1
1 3876 16187 1
1 3932 16187 1
1 4714 16187 1
1 3607 6352 1
1 4086 6363 1
1 4388 6363 1
1 3712 1864 1
1 3746 1864 1
1 3812 1864 1
1 3830 1864 1
1 4030 1864 1
1 4058 1864 1
1 4360 1864 1
1 4386 1864 1
1 4412 1864 1
1 4469 1864 1
1 4779 1864 1
1 4850 1864 1
1 3570 15881 1
1 3584 15881 1
1 3590 15881 1
1 3642 335 1
1 3707 335 1
1 3800 335 1
1 3805 335 1
1 3874 335 1
1 3912 335 1
1 3941 335 1
1 3984 335 1
1 4008 335 1
1 4021 335 1
1 4070 335 1
1 4203 335 1
1 4225 335 1
1 4236 335 1
1 4247 335 1
1 4248 335 1
1 4252 335 1
1 4299 335 1
1 4309 335 1
1 4329 335 1
1 4347 335 1
1 4365 335 1
1 4421 335 1
1 4457 335 1
1 4490 335 1
1 4504 335 1
1 4540 335 1
1 4550 335 1
1 4556 335 1
1 4560 335 1
1 4611 335 1
1 4619 335 1
1 4620 335 1
1 4622 335 1
1 4655 335 1
1 4657 335 1
1 4660 335 1
1 4678 335 1
1 4679 335 1
1 4711 335 1
1 4788 335 1
1 4805 335 1
1 4824 335 1
1 4872 335 1
1 4873 335 1
1 3772 6424 1
1 4245 6424 1
1 4257 6424 1
1 3569 11914 1
1 3571 11914 1
1 3746 8562 1
1 3882 8562 1
1 4001 8562 1
1 4465 8562 1
1 4514 8562 1
1 3590 6541 1
1 3733 6541 1
1 3599 1967 1
1 3571 118 1
1 3620 118 1
1 3618 41 1
1 4379 41 1
1 3520 16526 1
1 3541 16526 1
1 4017 16526 1
1 4402 16526 1
1 4623 16526 1
1 4678 16526 1
1 4682 16526 1
1 4694 16526 1
1 4056 12031 1
1 4294 12031 1
1 3656 14121 1
1 3745 14121 1
1 3884 14121 1
1 3943 14121 1
1 4150 14121 1
1 3668 8570 1
1 3746 8570 1
1 4064 8570 1
1 4296 8570 1
1 4379 8570 1
1 4473 8570 1
1 4506 8570 1
1 3519 6307 1
1 3520 6307 1
1 3541 6307 1
1 3543 6307 1
1 3545 6307 1
1 3550 6307 1
1 3551 6307 1
1 3552 6307 1
1 3553 6307 1
1 3554 6307 1
1 3556 6307 1
1 3563 6307 1
1 3564 6307 1
1 4105 6307 1
1 4356 6307 1
1 3532 8026 1
1 3596 2763 1
1 3738 330 1
1 3758 330 1
1 3780 330 1
1 3800 330 1
1 3818 330 1
1 3848 330 1
1 3882 330 1
1 3883 330 1
1 3955 330 1
1 4001 330 1
1 4030 330 1
1 4070 330 1
1 4095 330 1
1 4104 330 1
1 4171 330 1
1 4495 330 1
1 4514 330 1
1 4535 330 1
1 4547 330 1
1 4570 330 1
1 4676 330 1
1 4813 330 1
1 4824 330 1
1 4838 330 1
1 4235 12550 1
1 3522 12391 1
1 3523 12391 1
1 3525 12391 1
1 3529 12391 1
1 3531 12391 1
1 3605 6725 1
1 3590 1318 1
1 3597 1318 1
1 3614 1318 1
1 3605 8252 1
1 4088 8252 1
1 4387 8252 1
1 3617 1381 1
1 4385 1381 1
1 4807 1381 1
1 3577 3509 1
1 3610 13551 1
1 3590 13 1
1 3605 13180 1
1 3619 13180 1
1 3605 10714 1
1 3820 1093 1
1 3934 1093 1
1 4168 1093 1
1 4279 1093 1
1 4384 1093 1
1 4435 1093 1
1 4448 1093 1
1 4473 1093 1
1 4510 1093 1
1 4588 1093 1
1 4671 1093 1
1 4696 1093 1
1 3565 10366 1
1 3566 10366 1
1 3583 10366 1
1 3646 10366 1
1 3605 7719 1
1 3633 16911 1
1 3676 16911 1
1 3831 16911 1
1 3833 16911 1
1 4036 16911 1
1 4215 16911 1
1 4274 16911 1
1 4331 16911 1
1 4425 16911 1
1 4528 16911 1
1 4545 16911 1
1 4704 16911 1
1 4716 16911 1
1 3605 5172 1
1 3631 2692 1
1 3839 2692 1
1 3844 2692 1
1 3907 2692 1
1 3937 2692 1
1 3979 2692 1
1 4062 2692 1
1 4076 2692 1
1 4119 2692 1
1 4126 2692 1
1 4130 2692 1
1 4198 2692 1
1 4489 2692 1
1 4546 2692 1
1 4572 2692 1
1 4589 2692 1
1 4642 2692 1
1 4643 2692 1
1 4644 2692 1
1 4645 2692 1
1 3647 14126 1
1 4565 14126 1
1 4774 14126 1
1 3567 7433 1
1 3605 1421 1
1 3664 16626 1
1 3717 16626 1
1 3811 16626 1
1 3816 16626 1
1 3869 16626 1
1 3870 16626 1
1 3891 16626 1
1 3911 16626 1
1 3953 16626 1
1 4085 16626 1
1 4093 16626 1
1 4167 16626 1
1 4342 16626 1
1 4361 16626 1
1 4416 16626 1
1 4491 16626 1
1 4516 16626 1
1 4527 16626 1
1 4529 16626 1
1 4551 16626 1
1 4554 16626 1
1 4752 16626 1
1 4804 16626 1
1 3593 6928 1
1 3858 6928 1
1 3890 6928 1
1 4275 6928 1
1 3580 186 1
1 3618 186 1
1 3605 457 1
1 4014 457 1
1 4766 457 1
1 4402 6390 1
1 3618 1020 1
1 3562 11758 1
1 3570 11818 1
1 3793 11818 1
1 3800 11818 1
1 4070 11818 1
1 4824 11818 1
1 3605 10681 1
1 3590 6942 1
1 3605 6942 1
1 3690 5361 1
1 3692 5361 1
1 3710 5361 1
1 3769 5361 1
1 3795 5361 1
1 3804 5361 1
1 3821 5361 1
1 3836 5361 1
1 3837 5361 1
1 3841 5361 1
1 3848 5361 1
1 3860 5361 1
1 3875 5361 1
1 3901 5361 1
1 3913 5361 1
1 3925 5361 1
1 3931 5361 1
1 3958 5361 1
1 3981 5361 1
1 4000 5361 1
1 4031 5361 1
1 4080 5361 1
1 4095 5361 1
1 4112 5361 1
1 4124 5361 1
1 4132 5361 1
1 4171 5361 1
1 4193 5361 1
1 4217 5361 1
1 4234 5361 1
1 4255 5361 1
1 4289 5361 1
1 4304 5361 1
1 4352 5361 1
1 4400 5361 1
1 4420 5361 1
1 4426 5361 1
1 4455 5361 1
1 4495 5361 1
1 4533 5361 1
1 4535 5361 1
1 4547 5361 1
1 4567 5361 1
1 4570 5361 1
1 4578 5361 1
1 4580 5361 1
1 4583 5361 1
1 4584 5361 1
1 4608 5361 1
1 4667 5361 1
1 4676 5361 1
1 4692 5361 1
1 4738 5361 1
1 4741 5361 1
1 4744 5361 1
1 4745 5361 1
1 4746 5361 1
1 4747 5361 1
1 4783 5361 1
1 4810 5361 1
1 4813 5361 1
1 4829 5361 1
1 3574 820 1
1 3578 820 1
1 4553 15956 1
1 3590 7204 1
1 3593 7204 1
1 3879 7204 1
1 4320 7204 1
1 4403 7204 1
1 4511 7204 1
1 3605 8251 1
1 4088 8251 1
1 4199 8251 1
1 4387 8251 1
1 3605 125 1
1 3565 10370 1
1 3583 10370 1
1 3646 10370 1
1 3633 6651 1
1 3636 6651 1
1 3676 6651 1
1 3681 6651 1
1 3685 6651 1
1 3744 6651 1
1 3750 6651 1
1 3783 6651 1
1 3803 6651 1
1 3833 6651 1
1 3846 6651 1
1 3887 6651 1
1 3899 6651 1
1 4009 6651 1
1 4036 6651 1
1 4083 6651 1
1 4089 6651 1
1 4183 6651 1
1 4226 6651 1
1 4233 6651 1
1 4274 6651 1
1 4524 6651 1
1 4649 6651 1
1 4650 6651 1
1 4651 6651 1
1 4652 6651 1
1 4704 6651 1
1 4705 6651 1
1 4722 6651 1
1 3603 4954 1
1 3519 5570 1
1 3550 5570 1
1 3722 5570 1
1 3754 5570 1
1 3948 5570 1
1 4601 5570 1
1 4763 5570 1
1 3597 9082 1
1 3640 11301 1
1 3735 11301 1
1 3755 11301 1
1 3763 11301 1
1 3768 11301 1
1 3920 11301 1
1 3927 11301 1
1 4020 11301 1
1 4052 11301 1
1 4057 11301 1
1 4102 11301 1
1 4106 11301 1
1 4191 11301 1
1 4201 11301 1
1 4221 11301 1
1 4228 11301 1
1 4237 11301 1
1 4276 11301 1
1 4280 11301 1
1 4287 11301 1
1 4295 11301 1
1 4326 11301 1
1 4437 11301 1
1 4532 11301 1
1 4539 11301 1
1 4555 11301 1
1 4573 11301 1
1 4698 11301 1
1 4827 11301 1
1 3605 7976 1
1 3618 16572 1
1 3534 1206 1
1 4758 1206 1
1 3580 12832 1
1 3835 14459 1
1 4826 14459 1
1 3723 6331 1
1 3828 6331 1
1 4038 6331 1
1 4108 6331 1
1 4264 6331 1
1 3565 10401 1
1 3646 10401 1
1 3585 17397 1
1 3594 17397 1
1 3601 17397 1
1 3616 17397 1
1 4427 17397 1
1 4699 17397 1
1 4756 17397 1
1 3605 9807 1
1 4766 9807 1
1 3673 8526 1
1 3758 8526 1
1 4148 8526 1
1 4390 8526 1
1 4469 8526 1
1 4536 8526 1
1 4581 8526 1
1 4035 10923 1
1 3610 13749 1
1 3599 3307 1
1 3699 5875 1
1 3905 5875 1
1 4077 5875 1
1 4175 5875 1
1 4463 5875 1
1 4543 5875 1
1 4752 5875 1
1 4771 5875 1
1 4772 5875 1
1 3560 3243 1
1 3627 11048 1
1 3669 11048 1
1 3684 11048 1
1 3697 11048 1
1 3729 11048 1
1 3761 11048 1
1 3785 11048 1
1 3868 11048 1
1 3962 11048 1
1 3999 11048 1
1 4002 11048 1
1 4007 11048 1
1 4028 11048 1
1 4043 11048 1
1 4065 11048 1
1 4087 11048 1
1 4139 11048 1
1 4158 11048 1
1 4163 11048 1
1 4219 11048 1
1 4223 11048 1
1 4230 11048 1
1 4241 11048 1
1 4254 11048 1
1 4273 11048 1
1 4328 11048 1
1 4376 11048 1
1 4407 11048 1
1 4484 11048 1
1 4534 11048 1
1 4568 11048 1
1 4579 11048 1
1 4602 11048 1
1 4663 11048 1
1 4666 11048 1
1 4681 11048 1
1 4860 11048 1
1 3633 6646 1
1 3636 6646 1
1 3673 6646 1
1 3676 6646 1
1 3681 6646 1
1 3685 6646 1
1 3714 6646 1
1 3732 6646 1
1 3744 6646 1
1 3750 6646 1
1 3783 6646 1
1 3803 6646 1
1 3831 6646 1
1 3833 6646 1
1 3846 6646 1
1 3853 6646 1
1 3887 6646 1
1 3890 6646 1
1 3898 6646 1
1 3899 6646 1
1 3958 6646 1
1 3961 6646 1
1 4009 6646 1
1 4036 6646 1
1 4083 6646 1
1 4089 6646 1
1 4148 6646 1
1 4183 6646 1
1 4190 6646 1
1 4215 6646 1
1 4222 6646 1
1 4226 6646 1
1 4233 6646 1
1 4274 6646 1
1 4275 6646 1
1 4331 6646 1
1 4390 6646 1
1 4425 6646 1
1 4462 6646 1
1 4506 6646 1
1 4511 6646 1
1 4524 6646 1
1 4536 6646 1
1 4545 6646 1
1 4552 6646 1
1 4561 6646 1
1 4581 6646 1
1 4649 6646 1
1 4650 6646 1
1 4651 6646 1
1 4652 6646 1
1 4664 6646 1
1 4700 6646 1
1 4705 6646 1
1 4706 6646 1
1 4707 6646 1
1 4716 6646 1
1 4717 6646 1
1 4718 6646 1
1 4721 6646 1
1 4722 6646 1
1 3662 7912 1
1 3690 7912 1
1 3692 7912 1
1 3710 7912 1
1 3752 7912 1
1 3757 7912 1
1 3769 7912 1
1 3795 7912 1
1 3841 7912 1
1 3984 7912 1
1 4000 7912 1
1 4071 7912 1
1 4095 7912 1
1 4112 7912 1
1 4280 7912 1
1 4292 7912 1
1 4323 7912 1
1 4324 7912 1
1 4329 7912 1
1 4362 7912 1
1 4535 7912 1
1 4547 7912 1
1 4570 7912 1
1 4583 7912 1
1 4667 7912 1
1 4872 7912 1
1 4204 3358 1
1 4339 10988 1
1 3703 6824 1
1 3591 7261 1
1 3591 7260 1
1 3591 7256 1
1 3591 7263 1
1 3591 7257 1
1 3591 7264 1
1 3591 7258 1
1 3591 7268 1
1 4587 7268 1
1 3591 7266 1
1 3591 7164 1
1 3591 7165 1
1 3591 7271 1
1 3591 7166 1
1 3566 6576 1
1 3590 6576 1
1 3590 484 1
1 3590 7220 1
1 4063 7220 1
1 3590 6935 1
1 3590 7199 1
1 3681 7199 1
1 3685 7199 1
1 3744 7199 1
1 3750 7199 1
1 3846 7199 1
1 3887 7199 1
1 4009 7199 1
1 4183 7199 1
1 4233 7199 1
1 4524 7199 1
1 4649 7199 1
1 4650 7199 1
1 4651 7199 1
1 4652 7199 1
1 3590 7201 1
1 3590 7202 1
1 3590 7192 1
1 3681 7192 1
1 3685 7192 1
1 3744 7192 1
1 3750 7192 1
1 3846 7192 1
1 3887 7192 1
1 4009 7192 1
1 4183 7192 1
1 4233 7192 1
1 4524 7192 1
1 4649 7192 1
1 4650 7192 1
1 4651 7192 1
1 4652 7192 1
1 3590 7194 1
1 3590 7193 1
1 4653 7193 1
1 3590 7200 1
1 3590 7223 1
1 3590 7226 1
1 3590 7227 1
1 3725 9928 1
1 3914 9928 1
1 4792 9928 1
1 4597 15409 1
1 4766 15409 1
1 4597 6615 1
1 4597 17708 1
1 4597 5780 1
1 4597 9120 1
1 3583 1389 1
1 4766 1389 1
1 3559 2335 1
1 4615 2335 1
1 4615 2330 1
1 4618 9759 1
1 3631 2694 1
1 3681 2694 1
1 3685 2694 1
1 3744 2694 1
1 3750 2694 1
1 3846 2694 1
1 3887 2694 1
1 4009 2694 1
1 4076 2694 1
1 4183 2694 1
1 4233 2694 1
1 4524 2694 1
1 4610 2694 1
1 4649 2694 1
1 4650 2694 1
1 4651 2694 1
1 4652 2694 1
1 3631 2700 1
1 4076 2700 1
1 4027 12041 1
1 4609 12041 1
1 4027 3238 1
1 4609 3238 1
1 4433 5335 1
1 4603 5335 1
1 4790 5335 1
1 4831 5335 1
1 3535 6925 1
1 3530 8051 1
1 3538 8051 1
1 3539 8051 1
1 3549 8051 1
1 4613 8051 1
1 4614 13377 1
1 4614 13378 1
1 4614 13379 1
1 3712 1861 1
1 3981 1861 1
1 4285 1861 1
1 4386 1861 1
1 4412 1861 1
1 4469 1861 1
1 4472 1861 1
1 4588 1861 1
1 4782 1861 1
1 3892 7055 1
1 3629 1969 1
1 4452 13089 1
1 4752 13089 1
1 3611 12844 1
1 3579 3321 1
1 4206 782 1
1 3751 7492 1
1 4048 6732 1
1 4162 14133 1
1 4388 14133 1
1 4754 15671 1
1 3581 5993 1
1 3607 5993 1
1 3591 6847 1
1 4763 2427 1
1 4597 15554 1
1 4301 5281 1
1 4397 5281 1
1 4454 5281 1
1 4604 5281 1
1 3523 12390 1
1 4005 12390 1
1 4232 537 1
1 4496 537 1
1 3758 8602 1
1 3997 8602 1
1 3610 9346 1
1 3519 6313 1
1 3520 6313 1
1 3541 6313 1
1 3543 6313 1
1 3545 6313 1
1 3550 6313 1
1 3551 6313 1
1 3552 6313 1
1 3553 6313 1
1 3554 6313 1
1 3556 6313 1
1 3563 6313 1
1 3564 6313 1
1 4359 12807 1
1 4034 6 1
1 3644 10768 1
1 4763 13185 1
1 3877 3388 1
1 4177 10042 1
1 4421 9658 1
1 4519 9658 1
1 3647 322 1
1 3718 322 1
1 3791 322 1
1 4046 322 1
1 4056 322 1
1 4194 322 1
1 4628 322 1
1 4683 322 1
1 3555 5967 1
1 3871 2317 1
1 3566 489 1
1 3646 3348 1
1 3530 3330 1
1 3549 3330 1
1 3523 9368 1
1 3530 9368 1
1 3549 9368 1
1 4187 9368 1
1 3544 12891 1
1 3617 12891 1
1 3888 12891 1
1 4593 8025 1
1 4623 8025 1
1 3690 7926 1
1 3769 7926 1
1 3795 7926 1
1 4570 7926 1
1 4583 7926 1
1 4813 7926 1
1 4221 12605 1
1 4511 11020 1
1 3520 16548 1
1 4526 15670 1
1 3796 5565 1
1 4421 12291 1
1 3611 11038 1
1 3948 11038 1
1 4175 11038 1
1 4341 11038 1
1 4405 11038 1
1 4566 11038 1
1 3580 3164 1
1 4532 3164 1
1 4396 6211 1
1 4439 6211 1
1 3591 6923 1
1 3764 6923 1
1 3576 15091 1
1 4177 10046 1
1 4859 16124 1
1 4069 7825 1
1 4841 7825 1
1 3523 14450 1
1 3531 14450 1
1 4613 8060 1
1 4156 16625 1
1 4392 16625 1
1 4804 16625 1
1 4812 16625 1
1 4504 15082 1
1 4063 7221 1
1 4038 13115 1
1 4090 141 1
1 4120 141 1
1 4653 8248 1
1 4765 3315 1
1 4593 16670 1
1 3587 7853 1
1 4549 15706 1
1 4114 6543 1
1 3607 179 1
1 3840 179 1
1 3593 6731 1
1 4766 16560 1
1 4173 686 1
1 4612 686 1
1 3607 12646 1
1 3806 12646 1
1 4014 12646 1
1 4668 12646 1
1 4380 3419 1
1 3531 1932 1
1 3800 336 1
1 3984 336 1
1 4421 336 1
1 4457 336 1
1 4619 336 1
1 4657 336 1
1 4678 336 1
1 4824 336 1
1 4872 336 1
1 4873 336 1
1 3557 12663 1
1 3619 12663 1
1 3796 6373 1
1 4086 6373 1
1 4257 6373 1
1 3581 16862 1
1 3607 16862 1
1 4217 16578 1
1 4296 16578 1
1 4386 16578 1
1 4588 16578 1
1 4618 3179 1
1 4519 2209 1
1 4511 8576 1
1 4511 8579 1
1 3618 39 1
1 4172 39 1
1 4791 39 1
1 4759 6337 1
1 3527 8225 1
1 3758 11129 1
1 4027 11129 1
1 3983 8490 1
1 4391 8490 1
1 4519 8490 1
1 4047 8413 1
1 3629 15780 1
1 4708 15780 1
1 4709 15780 1
1 4852 15780 1
1 4413 2180 1
1 4677 2180 1
1 4380 8186 1
1 4807 8186 1
1 4014 9666 1
1 4519 9666 1
1 4653 7247 1
1 3543 17486 1
1 3618 50 1
1 4492 50 1
1 4231 15485 1
1 3688 10124 1
1 3951 10124 1
1 3994 10124 1
1 4422 10124 1
1 4776 10124 1
1 4458 12375 1
1 4339 666 1
1 4817 666 1
1 4511 6991 1
1 4763 2409 1
1 3563 7956 1
1 4402 10803 1
1 4682 10803 1
1 3520 9451 1
1 3523 12389 1
1 3936 12389 1
1 4444 12389 1
1 4162 14129 1
1 3603 11805 1
1 3607 178 1
1 4678 10821 1
1 4490 6885 1
1 4194 11116 1
1 3592 13059 1
1 4543 9620 1
1 4027 13593 1
1 4154 12880 1
1 4490 17386 1
1 4177 10057 1
1 3591 9461 1
1 4023 7870 1
1 4114 7870 1
1 3530 3113 1
1 3549 3113 1
1 4875 6499 1
1 3620 10317 1
1 3544 12128 1
1 3650 8571 1
1 3592 12843 1
1 3611 12843 1
1 3718 12020 1
1 4056 12020 1
1 4194 12020 1
1 4211 12020 1
1 4294 12020 1
1 4340 12020 1
1 4444 12020 1
1 4628 12020 1
1 4809 12020 1
1 4874 12020 1
1 3591 7167 1
1 3544 3107 1
1 3599 9943 1
1 3530 10971 1
1 3549 10971 1
1 4863 3374 1
1 3544 16165 1
1 4653 8247 1
1 3688 8148 1
1 4184 8148 1
1 4359 8148 1
1 4519 8148 1
1 3543 8414 1
1 3559 8414 1
1 4169 8414 1
1 4464 14369 1
1 4859 14369 1
1 4875 14369 1
1 3544 12883 1
1 4380 1982 1
1 4023 7876 1
1 3591 7805 1
1 3618 65 1
1 4543 9614 1
1 3531 674 1
1 4017 16280 1
1 4735 16280 1
1 3725 14629 1
1 4142 14629 1
1 4162 14146 1
1 4766 587 1
1 4177 10059 1
1 4764 10059 1
1 3530 7971 1
1 3549 7971 1
1 4034 7971 1
1 3617 11029 1
1 3708 11029 1
1 3708 3230 1
1 3591 7262 1
1 4367 14148 1
1 4063 7224 1
1 3906 12066 1
1 4266 2608 1
1 4379 2608 1
1 3966 10045 1
1 4177 10045 1
1 4764 10045 1
1 4511 13682 1
1 4162 14132 1
1 4388 14132 1
1 4559 1998 1
1 4682 8228 1
1 4763 2421 1
1 4755 1161 1
1 3566 1075 1
1 4048 1075 1
1 4754 15672 1
1 3580 12300 1
1 3936 9325 1
1 3580 12023 1
1 4056 12023 1
1 4294 12023 1
1 4444 12023 1
1 4809 12023 1
1 3939 16990 1
1 3983 16990 1
1 4049 16990 1
1 3939 17006 1
1 4049 17006 1
1 3619 12670 1
1 4786 17004 1
1 4766 1412 1
1 3580 7605 1
1 4766 17175 1
1 4766 7009 1
1 3519 1675 1
1 3520 1675 1
1 3541 1675 1
1 3543 1675 1
1 3545 1675 1
1 3550 1675 1
1 3551 1675 1
1 3552 1675 1
1 3553 1675 1
1 3583 9882 1
1 4766 7834 1
1 4757 7491 1
1 4767 7491 1
1 4177 10049 1
1 4764 10049 1
1 3764 12363 1
1 3997 12363 1
1 4664 12363 1
1 4774 12363 1
1 3976 1827 1
1 4168 1827 1
1 4285 1827 1
1 4363 1827 1
1 3523 15503 1
1 4766 16686 1
1 3952 1031 1
1 3591 7422 1
1 4766 9975 1
1 4553 15957 1
1 4763 2434 1
1 4759 5989 1
1 4519 17055 1
1 4765 5098 1
1 4766 5502 1
1 3970 14265 1
1 4205 14265 1
1 4285 14265 1
1 4853 14265 1
1 4285 14267 1
1 3997 14269 1
1 4205 14269 1
1 4285 14269 1
1 4542 14269 1
1 4853 14269 1
1 4874 12017 1
1 3699 5880 1
1 4759 5880 1
1 3568 3042 1
1 3760 3042 1
1 3917 3042 1
1 3796 6356 1
1 3796 6394 1
1 3519 1673 1
1 3520 1673 1
1 3541 1673 1
1 3543 1673 1
1 3545 1673 1
1 3550 1673 1
1 3551 1673 1
1 3552 1673 1
1 3553 1673 1
1 3554 1673 1
1 3556 1673 1
1 3563 1673 1
1 3564 1673 1
1 3519 1660 1
1 3520 1660 1
1 3541 1660 1
1 3543 1660 1
1 3545 1660 1
1 3550 1660 1
1 3551 1660 1
1 3552 1660 1
1 3553 1660 1
1 3554 1660 1
1 3556 1660 1
1 3563 1660 1
1 3564 1660 1
1 3519 1661 1
1 3520 1661 1
1 3541 1661 1
1 3543 1661 1
1 3545 1661 1
1 3550 1661 1
1 3551 1661 1
1 3552 1661 1
1 3553 1661 1
1 3554 1661 1
1 3556 1661 1
1 3563 1661 1
1 3564 1661 1
1 3519 1663 1
1 3520 1663 1
1 3541 1663 1
1 3543 1663 1
1 3545 1663 1
1 3550 1663 1
1 3551 1663 1
1 3552 1663 1
1 3553 1663 1
1 3554 1663 1
1 3556 1663 1
1 3563 1663 1
1 3564 1663 1
1 3519 6312 1
1 3520 6312 1
1 3541 6312 1
1 3543 6312 1
1 3545 6312 1
1 3550 6312 1
1 3551 6312 1
1 3552 6312 1
1 3553 6312 1
1 3554 6312 1
1 3556 6312 1
1 3563 6312 1
1 3564 6312 1
1 3519 6309 1
1 3520 6309 1
1 3541 6309 1
1 3543 6309 1
1 3545 6309 1
1 3550 6309 1
1 3551 6309 1
1 3552 6309 1
1 3553 6309 1
1 3554 6309 1
1 3556 6309 1
1 3563 6309 1
1 3564 6309 1
1 3519 6311 1
1 3520 6311 1
1 3541 6311 1
1 3543 6311 1
1 3545 6311 1
1 3550 6311 1
1 3551 6311 1
1 3552 6311 1
1 3553 6311 1
1 3554 6311 1
1 3556 6311 1
1 3563 6311 1
1 3564 6311 1
1 3536 8213 1
1 3531 2825 1
1 3531 8947 1
1 3531 1908 1
1 4422 1908 1
1 3531 9364 1
1 3523 14444 1
1 3544 14444 1
1 3523 10840 1
1 3527 12818 1
1 3527 3241 1
1 3527 14298 1
1 3575 12232 1
1 3549 7679 1
1 3530 13451 1
1 3549 13451 1
1 3530 8064 1
1 3549 8064 1
1 3530 15775 1
1 3549 15775 1
1 3942 7806 1
1 3535 6926 1
1 3537 10249 1
1 3544 14454 1
1 3557 12754 1
1 3561 15490 1
1 4795 15490 1
1 3590 9029 1
1 3608 12236 1
1 3590 7163 1
1 3608 7163 1
1 4173 7163 1
1 3565 10036 1
1 3646 10036 1
1 3565 10343 1
1 3566 10343 1
1 3566 10333 1
1 3572 12411 1
1 3572 1321 1
1 3813 1321 1
1 3874 1321 1
1 3960 1321 1
1 4076 1321 1
1 4078 1321 1
1 4131 1321 1
1 4166 1321 1
1 4312 1321 1
1 4315 1321 1
1 4353 1321 1
1 4373 1321 1
1 4415 1321 1
1 4572 1321 1
1 3572 12410 1
1 3591 7255 1
1 4017 7255 1
1 4653 8275 1
1 3575 12459 1
1 4009 5979 1
1 3575 12460 1
1 3587 12460 1
1 3638 9612 1
1 4147 9612 1
1 4173 9612 1
1 4285 9612 1
1 4399 9612 1
1 4591 9612 1
1 4657 9612 1
1 4661 9612 1
1 4709 9612 1
1 4749 9612 1
1 4776 9612 1
1 3575 1297 1
1 3587 1297 1
1 3638 9611 1
1 4147 9611 1
1 4173 9611 1
1 4193 9611 1
1 4285 9611 1
1 4399 9611 1
1 4521 9611 1
1 4591 9611 1
1 4657 9611 1
1 4709 9611 1
1 4749 9611 1
1 4776 9611 1
1 3575 11838 1
1 3575 11777 1
1 3587 11777 1
1 3619 11777 1
1 3575 11263 1
1 3864 17665 1
1 3994 17665 1
1 3575 519 1
1 3575 11778 1
1 3587 11778 1
1 3619 11778 1
1 4763 2436 1
1 3575 11779 1
1 3587 11779 1
1 3619 11779 1
1 3575 11262 1
1 3575 5572 1
1 4763 2433 1
1 3575 520 1
1 3967 225 1
1 4340 225 1
1 4763 2426 1
1 3575 5571 1
1 4379 8578 1
1 3575 5573 1
1 3575 16498 1
1 3587 16498 1
1 3575 11786 1
1 4763 2435 1
1 3577 11819 1
1 3812 1855 1
1 4064 1855 1
1 4360 1855 1
1 4549 1855 1
1 3577 1882 1
1 3577 340 1
1 3577 3511 1
1 3577 1030 1
1 3621 1030 1
1 3577 341 1
1 3577 223 1
1 3578 11231 1
1 3578 11232 1
1 3590 12130 1
1 3590 6751 1
1 3579 6943 1
1 3590 6943 1
1 3590 10549 1
1 3581 5994 1
1 3581 5684 1
1 3583 1390 1
1 3587 14316 1
1 4151 14316 1
1 3587 11783 1
1 3619 11783 1
1 3587 14314 1
1 3587 15652 1
1 3587 11749 1
1 3587 14315 1
1 3587 15654 1
1 3587 11750 1
1 3587 15651 1
1 3589 1242 1
1 3589 1243 1
1 3589 1241 1
1 3589 10552 1
1 3589 10554 1
1 3590 11293 1
1 3590 7196 1
1 3590 5742 1
1 3590 10555 1
1 3590 5285 1
1 3590 7195 1
1 3591 9947 1
1 3591 17044 1
1 3591 7254 1
1 3591 9945 1
1 3591 5869 1
1 3591 6931 1
1 3591 7265 1
1 3591 7169 1
1 3591 7168 1
1 3591 9946 1
1 3591 7267 1
1 3591 6932 1
1 3592 5087 1
1 3592 5085 1
1 3592 15085 1
1 3592 15084 1
1 3593 6792 1
1 3593 7117 1
1 3593 6944 1
1 3593 12318 1
1 3598 17501 1
1 3599 1968 1
1 3603 11806 1
1 3603 11804 1
1 3604 15850 1
1 3608 22 1
1 3610 5106 1
1 3610 13598 1
1 3610 13550 1
1 3610 13556 1
1 3611 5083 1
1 3611 12734 1
1 3611 12733 1
1 3617 17420 1
1 3619 12672 1
1 3619 12666 1
1 3619 12667 1
1 3619 12671 1
1 3619 9035 1
1 3621 10582 1
1 3628 6642 1
1 3631 2697 1
1 3681 2697 1
1 3685 2697 1
1 3744 2697 1
1 3750 2697 1
1 3846 2697 1
1 3887 2697 1
1 4009 2697 1
1 4076 2697 1
1 4183 2697 1
1 4233 2697 1
1 4524 2697 1
1 4610 2697 1
1 4649 2697 1
1 4650 2697 1
1 4651 2697 1
1 4652 2697 1
1 4063 7222 1
1 3631 2698 1
1 4076 2698 1
1 3633 6652 1
1 3636 6652 1
1 3676 6652 1
1 3783 6652 1
1 3833 6652 1
1 3858 6652 1
1 3899 6652 1
1 3961 6652 1
1 4036 6652 1
1 4083 6652 1
1 4089 6652 1
1 4190 6652 1
1 4215 6652 1
1 4226 6652 1
1 4274 6652 1
1 4425 6652 1
1 4561 6652 1
1 4702 6652 1
1 4705 6652 1
1 4706 6652 1
1 4707 6652 1
1 4716 6652 1
1 4717 6652 1
1 4718 6652 1
1 4721 6652 1
1 4722 6652 1
1 3633 6654 1
1 3636 6654 1
1 3676 6654 1
1 3783 6654 1
1 3833 6654 1
1 3899 6654 1
1 3961 6654 1
1 4003 6654 1
1 4036 6654 1
1 4083 6654 1
1 4089 6654 1
1 4190 6654 1
1 4205 6654 1
1 4215 6654 1
1 4226 6654 1
1 4274 6654 1
1 4425 6654 1
1 4561 6654 1
1 4705 6654 1
1 4706 6654 1
1 4707 6654 1
1 4717 6654 1
1 4718 6654 1
1 4721 6654 1
1 4722 6654 1
1 4853 6654 1
1 3633 6653 1
1 3636 6653 1
1 3676 6653 1
1 3783 6653 1
1 3833 6653 1
1 3899 6653 1
1 3961 6653 1
1 4036 6653 1
1 4083 6653 1
1 4089 6653 1
1 4190 6653 1
1 4205 6653 1
1 4215 6653 1
1 4226 6653 1
1 4274 6653 1
1 4425 6653 1
1 4561 6653 1
1 4664 6653 1
1 4705 6653 1
1 4706 6653 1
1 4707 6653 1
1 4717 6653 1
1 4721 6653 1
1 4722 6653 1
1 4853 6653 1
1 3635 12998 1
1 3635 13004 1
1 3635 13001 1
1 4056 12022 1
1 4294 12022 1
1 4444 12022 1
1 4809 12022 1
1 3712 1869 1
1 3812 1869 1
1 3823 1869 1
1 3830 1869 1
1 4030 1869 1
1 4058 1869 1
1 4064 1869 1
1 4386 1869 1
1 4412 1869 1
1 4469 1869 1
1 4850 1869 1
1 3712 1863 1
1 3812 1863 1
1 3823 1863 1
1 3830 1863 1
1 3981 1863 1
1 4058 1863 1
1 4064 1863 1
1 4386 1863 1
1 4412 1863 1
1 4469 1863 1
1 4850 1863 1
1 3823 1871 1
1 4064 1871 1
1 3823 1859 1
1 3981 1859 1
1 4064 1859 1
1 3823 1870 1
1 4064 1870 1
1 3712 1857 1
1 3812 1857 1
1 3823 1857 1
1 3830 1857 1
1 3981 1857 1
1 4030 1857 1
1 4064 1857 1
1 4386 1857 1
1 4412 1857 1
1 4469 1857 1
1 4850 1857 1
1 4757 7482 1
1 3672 7485 1
1 4757 7485 1
1 4757 7486 1
1 4757 7489 1
1 4769 2785 1
1 4421 12292 1
1 4421 12293 1
1 3772 10363 1
1 4257 10363 1
1 4719 10363 1
1 4828 10363 1
1 4623 10804 1
1 3712 1865 1
1 4360 1865 1
1 4386 1865 1
1 4412 1865 1
1 4472 1865 1
1 4588 1865 1
1 3997 8603 1
1 4774 11773 1
1 4804 732 1
1 4808 10979 1
1 3811 16627 1
1 4093 16627 1
1 3580 6235 1
1 4022 7726 1
1 3976 1838 1
1 4168 1838 1
1 4285 1838 1
1 4363 1838 1
1 4288 8580 1
1 4296 8580 1
1 4506 8580 1
1 4594 8580 1
1 3686 14028 1
1 4807 14028 1
1 4443 8937 1
1 4136 16736 1
1 4766 6962 1
1 3644 2569 1
1 3994 2569 1
1 4725 2569 1
1 4759 2569 1
1 4779 2569 1
1 3620 12093 1
1 4430 4924 1
1 4465 8594 1
1 3644 10769 1
1 3972 10769 1
1 4766 14066 1
1 4766 12416 1
1 4766 1795 1
1 4766 13899 1
1 3577 13764 1
1 3952 13764 1
1 4766 13764 1
1 4774 14673 1
1 3904 2400 1
1 3559 2307 1
1 4817 1357 1
1 3904 16556 1
1 4122 16279 1
1 4291 13070 1
1 4302 13070 1
1 4767 7490 1
1 3561 15487 1
1 4795 15487 1
1 4837 3324 1
1 3580 315 1
1 4199 315 1
1 4372 3385 1
1 4422 1018 1
1 4422 13875 1
1 4422 5812 1
1 3649 12029 1
1 4243 12029 1
1 3649 12030 1
1 4243 12030 1
1 4207 12013 1
1 4180 12158 1
1 4235 12158 1
1 4294 12158 1
1 3764 13080 1
1 3764 13065 1
1 4014 13065 1
1 3812 1866 1
1 4850 1866 1
1 3812 1868 1
1 4030 12014 1
1 4386 12014 1
1 4588 12014 1
1 4386 16579 1
1 4038 13136 1
1 4434 13136 1
1 4038 13125 1
1 4038 1156 1
1 4434 1156 1
1 4487 1156 1
1 3828 6846 1
1 3559 10142 1
1 3559 8410 1
1 3559 8408 1
1 4096 10856 1
1 3975 8587 1
1 4511 8587 1
1 3975 8591 1
1 4511 8591 1
1 3631 2702 1
1 4076 2702 1
1 4446 2702 1
1 4573 2702 1
1 3631 2693 1
1 4076 2693 1
1 4232 2693 1
1 4446 2693 1
1 4508 2693 1
1 4573 2693 1
1 4610 2693 1
1 3631 2695 1
1 4076 2695 1
1 3631 2696 1
1 4076 2696 1
1 4610 2696 1
1 3631 2701 1
1 4076 2701 1
1 3633 6657 1
1 3676 6657 1
1 3783 6657 1
1 3833 6657 1
1 3899 6657 1
1 3961 6657 1
1 4036 6657 1
1 4083 6657 1
1 4089 6657 1
1 4190 6657 1
1 4215 6657 1
1 4226 6657 1
1 4274 6657 1
1 4425 6657 1
1 4561 6657 1
1 4664 6657 1
1 4705 6657 1
1 4706 6657 1
1 4707 6657 1
1 4717 6657 1
1 4718 6657 1
1 4721 6657 1
1 4722 6657 1
1 3633 6658 1
1 3676 6658 1
1 3783 6658 1
1 3833 6658 1
1 3899 6658 1
1 3961 6658 1
1 4036 6658 1
1 4083 6658 1
1 4089 6658 1
1 4190 6658 1
1 4215 6658 1
1 4226 6658 1
1 4274 6658 1
1 4425 6658 1
1 4561 6658 1
1 4705 6658 1
1 4706 6658 1
1 4707 6658 1
1 4717 6658 1
1 4718 6658 1
1 4721 6658 1
1 4722 6658 1
1 3633 6656 1
1 3676 6656 1
1 3783 6656 1
1 3833 6656 1
1 3899 6656 1
1 3961 6656 1
1 4036 6656 1
1 4083 6656 1
1 4089 6656 1
1 4190 6656 1
1 4215 6656 1
1 4226 6656 1
1 4274 6656 1
1 4425 6656 1
1 4561 6656 1
1 4705 6656 1
1 4706 6656 1
1 4707 6656 1
1 4716 6656 1
1 4717 6656 1
1 4718 6656 1
1 4721 6656 1
1 4722 6656 1
1 3633 6659 1
1 3676 6659 1
1 3783 6659 1
1 3833 6659 1
1 3899 6659 1
1 4036 6659 1
1 4083 6659 1
1 4089 6659 1
1 4215 6659 1
1 4226 6659 1
1 4274 6659 1
1 4425 6659 1
1 4705 6659 1
1 4722 6659 1
1 3633 6655 1
1 3676 6655 1
1 3783 6655 1
1 3833 6655 1
1 3899 6655 1
1 3961 6655 1
1 4036 6655 1
1 4083 6655 1
1 4089 6655 1
1 4190 6655 1
1 4215 6655 1
1 4226 6655 1
1 4274 6655 1
1 4425 6655 1
1 4561 6655 1
1 4705 6655 1
1 4706 6655 1
1 4707 6655 1
1 4716 6655 1
1 4717 6655 1
1 4718 6655 1
1 4721 6655 1
1 4722 6655 1
1 4162 14136 1
1 3721 8544 1
1 3758 8544 1
1 3883 8544 1
1 3721 8545 1
1 3758 8545 1
1 3883 8545 1
1 3963 464 1
1 3686 14029 1
1 3686 12558 1
1 3686 12559 1
1 3686 12561 1
1 3686 12560 1
1 4439 9253 1
1 4613 8056 1
1 4206 1831 1
1 4285 1831 1
1 4285 1833 1
1 4541 1833 1
1 4285 1834 1
1 3749 1836 1
1 4101 1836 1
1 4206 1836 1
1 4285 1836 1
1 4497 1836 1
1 4285 1837 1
1 4285 1826 1
1 4285 1828 1
1 4206 1829 1
1 4285 1829 1
1 4285 14264 1
1 4285 14266 1
1 4285 14268 1
1 4285 14270 1
1 4177 10043 1
1 4177 10058 1
1 4177 10044 1
1 4177 10047 1
1 4177 10048 1
1 4177 10050 1
1 4177 10052 1
1 4177 10054 1
1 4177 10055 1
1 3983 17008 1
1 3983 17009 1
1 3983 17010 1
1 4294 12033 1
1 4294 12034 1
1 4394 11845 1
1 3810 405 1
1 3823 405 1
1 3922 405 1
1 4433 405 1
1 4452 405 1
1 4404 3358 1
1 4752 10642 1
1 4764 253 1
1 3796 12145 1
1 4752 10643 1
1 3678 12365 1
1 3620 167 1
1 4807 1158 1
1 4764 239 1
1 4759 3101 1
1 4759 3104 1
1 4759 3105 1
1 4759 3106 1
1 4759 3098 1
1 4759 12362 1
1 4769 12362 1
1 4691 9881 1
1 3620 15437 1
1 3575 9132 1
1 4217 14138 1
1 4465 8593 1
1 4465 8595 1
1 4465 8596 1
1 4465 8597 1
1 4465 8598 1
1 4465 8599 1
1 3568 12523 1
1 3575 332 1
1 3576 1832 1
1 3576 1833 1
1 3576 1981 1
1 3576 1836 1
1 3576 1829 1
1 3576 1834 1
1 3580 9137 1
1 3580 15409 1
1 3580 321 1
1 3580 11773 1
1 3581 6352 1
1 3581 5986 1
1 3581 12647 1
1 3587 5571 1
1 3602 11751 1
1 3607 11751 1
1 3610 13518 1
1 3617 7979 1
1 3617 16145 1
1 3617 9612 1
1 3617 688 1
1 3618 11773 1
1 3618 9676 1
1 3618 11760 1
1 3618 11774 1
1 3618 11762 1
1 3618 11763 1
1 3623 14958 1
1 3623 14957 1
1 3626 8051 1
1 3626 3429 1
1 3626 526 1
1 3629 7911 1
1 3629 14955 1
1 3629 14958 1
1 3629 14957 1
1 3638 15780 1
1 3640 14955 1
1 3640 14958 1
1 3641 5335 1
1 3647 145 1
1 3647 8557 1
1 3649 53 1
1 3649 14988 1
1 3651 14923 1
1 3659 14767 1
1 3659 14923 1
1 3659 66 1
1 3661 2685 1
1 3661 14955 1
1 3661 7918 1
1 3661 14958 1
1 3661 328 1
1 3661 7823 1
1 3661 8557 1
1 3667 335 1
1 3672 11038 1
1 3672 39 1
1 3678 13103 1
1 3679 3446 1
1 3679 14955 1
1 3679 7918 1
1 3679 14958 1
1 3680 12025 1
1 3680 13081 1
1 3680 12019 1
1 3690 335 1
1 3690 334 1
1 3690 15956 1
1 3690 14958 1
1 3690 8557 1
1 3693 16250 1
1 3694 7926 1
1 3695 3464 1
1 3696 3445 1
1 3701 3428 1
1 3701 39 1
1 3701 3429 1
1 3701 8529 1
1 3701 3385 1
1 3701 1207 1
1 3701 2236 1
1 3701 8557 1
1 3701 3464 1
1 3701 11037 1
1 3702 1825 1
1 3702 1830 1
1 3702 1831 1
1 3702 1832 1
1 3702 1838 1
1 3702 1828 1
1 3707 336 1
1 3708 3445 1
1 3708 7128 1
1 3710 7927 1
1 3714 1827 1
1 3714 1825 1
1 3714 1833 1
1 3714 1836 1
1 3714 1838 1
1 3714 1828 1
1 3717 14760 1
1 3717 3446 1
1 3717 688 1
1 3721 14767 1
1 3724 14760 1
1 3726 2686 1
1 3726 331 1
1 3726 2685 1
1 3726 14955 1
1 3726 11025 1
1 3726 7916 1
1 3726 7918 1
1 3726 14958 1
1 3726 7926 1
1 3726 14957 1
1 3730 14955 1
1 3730 14958 1
1 3730 14957 1
1 3730 8557 1
1 3732 3427 1
1 3734 14593 1
1 3735 11300 1
1 3743 14593 1
1 3745 13408 1
1 3745 13409 1
1 3749 1827 1
1 3749 1831 1
1 3749 1838 1
1 3749 1829 1
1 3751 7482 1
1 3753 1827 1
1 3753 1831 1
1 3753 1836 1
1 3754 6683 1
1 3754 5791 1
1 3754 13737 1
1 3754 13999 1
1 3754 15576 1
1 3754 15572 1
1 3754 2646 1
1 3754 5818 1
1 3754 9120 1
1 3754 13593 1
1 3754 9880 1
1 3754 7472 1
1 3754 6397 1
1 3754 8776 1
1 3754 15409 1
1 3754 12216 1
1 3754 5820 1
1 3754 5781 1
1 3754 9463 1
1 3754 1211 1
1 3754 8655 1
1 3754 6462 1
1 3754 88 1
1 3754 9674 1
1 3754 3256 1
1 3754 2434 1
1 3754 8345 1
1 3754 9659 1
1 3754 5783 1
1 3754 5790 1
1 3754 5787 1
1 3754 12853 1
1 3754 5821 1
1 3754 9635 1
1 3754 9985 1
1 3754 7614 1
1 3754 12312 1
1 3754 9639 1
1 3754 4927 1
1 3754 11136 1
1 3754 15007 1
1 3754 10005 1
1 3754 15587 1
1 3754 8349 1
1 3754 10883 1
1 3754 16567 1
1 3754 66 1
1 3754 9636 1
1 3757 14923 1
1 3758 5361 1
1 3758 5360 1
1 3758 5364 1
1 3758 14955 1
1 3758 7824 1
1 3758 7918 1
1 3758 14958 1
1 3758 5362 1
1 3758 7926 1
1 3758 14957 1
1 3758 14271 1
1 3758 14265 1
1 3758 7826 1
1 3758 7825 1
1 3762 145 1
1 3764 530 1
1 3764 3383 1
1 3764 457 1
1 3764 15957 1
1 3764 462 1
1 3764 13068 1
1 3764 14773 1
1 3764 14987 1
1 3768 39 1
1 3768 11299 1
1 3768 8557 1
1 3769 8557 1
1 3770 335 1
1 3777 39 1
1 3777 2685 1
1 3777 3448 1
1 3779 14955 1
1 3779 14958 1
1 3779 14957 1
1 3786 7914 1
1 3786 7915 1
1 3786 7917 1
1 3790 3429 1
1 3791 8557 1
1 3795 5364 1
1 3795 14958 1
1 3795 7925 1
1 3795 8557 1
1 3795 7825 1
1 3799 14593 1
1 3800 5361 1
1 3802 7911 1
1 3802 5361 1
1 3802 332 1
1 3802 333 1
1 3802 5360 1
1 3802 14955 1
1 3802 7927 1
1 3802 328 1
1 3802 5362 1
1 3805 336 1
1 3806 13070 1
1 3810 8557 1
1 3810 14265 1
1 3812 330 1
1 3812 328 1
1 3812 329 1
1 3813 14767 1
1 3813 2686 1
1 3813 2942 1
1 3813 2943 1
1 3813 2704 1
1 3813 14923 1
1 3817 2689 1
1 3821 1825 1
1 3821 1830 1
1 3821 5363 1
1 3821 1833 1
1 3821 1836 1
1 3821 1838 1
1 3821 1834 1
1 3822 1321 1
1 3822 145 1
1 3823 11038 1
1 3823 11037 1
1 3825 14760 1
1 3825 14770 1
1 3825 11048 1
1 3825 14593 1
1 3825 3445 1
1 3825 7070 1
1 3825 14648 1
1 3827 12455 1
1 3827 13737 1
1 3827 15572 1
1 3827 11129 1
1 3827 8295 1
1 3827 9120 1
1 3827 6615 1
1 3827 3238 1
1 3827 13593 1
1 3827 7472 1
1 3827 7911 1
1 3827 6397 1
1 3827 6387 1
1 3827 15409 1
1 3827 6461 1
1 3827 6391 1
1 3827 2421 1
1 3827 7916 1
1 3827 7918 1
1 3827 5780 1
1 3827 5781 1
1 3827 5786 1
1 3827 5793 1
1 3827 7927 1
1 3827 16137 1
1 3827 3248 1
1 3827 7917 1
1 3827 88 1
1 3827 6551 1
1 3827 9674 1
1 3827 7925 1
1 3827 3254 1
1 3827 2849 1
1 3827 7247 1
1 3827 7926 1
1 3827 8462 1
1 3827 9226 1
1 3827 9227 1
1 3827 9661 1
1 3827 5783 1
1 3827 5790 1
1 3827 5787 1
1 3827 5782 1
1 3827 2425 1
1 3827 2427 1
1 3827 16045 1
1 3827 5785 1
1 3827 9660 1
1 3827 9663 1
1 3827 4971 1
1 3827 10468 1
1 3827 15837 1
1 3827 7611 1
1 3827 7614 1
1 3827 10486 1
1 3827 9648 1
1 3827 1199 1
1 3827 10467 1
1 3827 15007 1
1 3827 7613 1
1 3827 10005 1
1 3827 15587 1
1 3827 16567 1
1 3827 15838 1
1 3827 9652 1
1 3831 6649 1
1 3833 1490 1
1 3836 2686 1
1 3836 2688 1
1 3836 7911 1
1 3836 2689 1
1 3836 331 1
1 3836 2685 1
1 3836 332 1
1 3836 333 1
1 3836 2687 1
1 3836 5363 1
1 3836 7927 1
1 3836 328 1
1 3836 7823 1
1 3836 5362 1
1 3836 7926 1
1 3836 7826 1
1 3837 7911 1
1 3839 2688 1
1 3839 2689 1
1 3839 2687 1
1 3840 9612 1
1 3840 12646 1
1 3840 12645 1
1 3847 9928 1
1 3847 14629 1
1 3847 374 1
1 3847 6758 1
1 3848 12880 1
1 3848 331 1
1 3848 5362 1
1 3849 5874 1
1 3849 11048 1
1 3849 12175 1
1 3849 5875 1
1 3850 14955 1
1 3850 14958 1
1 3850 14957 1
1 3860 2686 1
1 3860 331 1
1 3860 5363 1
1 3860 7918 1
1 3860 7823 1
1 3860 5362 1
1 3861 2688 1
1 3861 7911 1
1 3861 2689 1
1 3861 5360 1
1 3861 14955 1
1 3861 14958 1
1 3861 5362 1
1 3861 7917 1
1 3861 7926 1
1 3861 7826 1
1 3875 5363 1
1 3875 8557 1
1 3879 11301 1
1 3879 8557 1
1 3880 11038 1
1 3880 8557 1
1 3880 11037 1
1 3880 14953 1
1 3881 14773 1
1 3882 14760 1
1 3882 331 1
1 3882 11030 1
1 3882 332 1
1 3882 333 1
1 3882 5363 1
1 3882 10313 1
1 3882 7913 1
1 3882 14923 1
1 3883 14767 1
1 3883 12880 1
1 3883 7911 1
1 3883 331 1
1 3883 5361 1
1 3883 14955 1
1 3883 7824 1
1 3883 7918 1
1 3883 14958 1
1 3883 5362 1
1 3883 14957 1
1 3883 8557 1
1 3883 14923 1
1 3891 1158 1
1 3892 14767 1
1 3892 3446 1
1 3894 7117 1
1 3894 7137 1
1 3895 3471 1
1 3896 2686 1
1 3896 2688 1
1 3896 2689 1
1 3896 331 1
1 3896 2685 1
1 3896 2687 1
1 3896 145 1
1 3896 14955 1
1 3896 7918 1
1 3896 14958 1
1 3896 328 1
1 3896 7823 1
1 3896 7917 1
1 3896 14957 1
1 3896 8557 1
1 3896 14648 1
1 3900 2686 1
1 3900 7911 1
1 3900 331 1
1 3900 3446 1
1 3900 14955 1
1 3900 11025 1
1 3900 7913 1
1 3900 7912 1
1 3900 7916 1
1 3900 7918 1
1 3900 7914 1
1 3900 7915 1
1 3900 14958 1
1 3900 7823 1
1 3900 7917 1
1 3900 7926 1
1 3900 14957 1
1 3901 14760 1
1 3901 12880 1
1 3901 2686 1
1 3901 39 1
1 3901 331 1
1 3901 3446 1
1 3901 332 1
1 3901 333 1
1 3901 2687 1
1 3901 5363 1
1 3901 5364 1
1 3901 7918 1
1 3901 14958 1
1 3901 7927 1
1 3901 5362 1
1 3901 7917 1
1 3901 7926 1
1 3901 1901 1
1 3901 688 1
1 3901 8557 1
1 3901 7826 1
1 3901 7825 1
1 3902 14767 1
1 3902 14923 1
1 3905 12411 1
1 3905 7917 1
1 3905 7926 1
1 3905 688 1
1 3905 12410 1
1 3905 5483 1
1 3905 14648 1
1 3906 1831 1
1 3906 3445 1
1 3906 13081 1
1 3906 9663 1
1 3907 2685 1
1 3912 336 1
1 3913 7916 1
1 3913 7918 1
1 3913 5362 1
1 3913 7917 1
1 3913 8557 1
1 3913 14923 1
1 3913 14648 1
1 3914 14629 1
1 3916 14773 1
1 3918 16250 1
1 3918 3388 1
1 3923 3383 1
1 3925 335 1
1 3925 39 1
1 3925 7911 1
1 3925 331 1
1 3925 333 1
1 3925 15956 1
1 3925 5363 1
1 3925 5364 1
1 3925 7913 1
1 3925 7912 1
1 3925 7918 1
1 3925 7914 1
1 3925 7915 1
1 3925 14958 1
1 3925 7927 1
1 3925 328 1
1 3925 7823 1
1 3925 7917 1
1 3925 7926 1
1 3925 8557 1
1 3925 5483 1
1 3925 14648 1
1 3937 3446 1
1 3944 1827 1
1 3944 1830 1
1 3944 1832 1
1 3944 1833 1
1 3944 1838 1
1 3944 1829 1
1 3944 1834 1
1 3948 12455 1
1 3948 1197 1
1 3948 6683 1
1 3948 5791 1
1 3948 3505 1
1 3948 13737 1
1 3948 8461 1
1 3948 15576 1
1 3948 15572 1
1 3948 5818 1
1 3948 9120 1
1 3948 13593 1
1 3948 9880 1
1 3948 8776 1
1 3948 15409 1
1 3948 6390 1
1 3948 5820 1
1 3948 17057 1
1 3948 1211 1
1 3948 7216 1
1 3948 16974 1
1 3948 8655 1
1 3948 6462 1
1 3948 3248 1
1 3948 17037 1
1 3948 88 1
1 3948 9674 1
1 3948 8462 1
1 3948 9659 1
1 3948 5783 1
1 3948 5790 1
1 3948 5787 1
1 3948 13739 1
1 3948 9877 1
1 3948 1916 1
1 3948 5821 1
1 3948 15 1
1 3948 9635 1
1 3948 9422 1
1 3948 17220 1
1 3948 9985 1
1 3948 7614 1
1 3948 12312 1
1 3948 5457 1
1 3948 50 1
1 3948 9639 1
1 3948 14651 1
1 3948 15007 1
1 3948 10005 1
1 3948 15587 1
1 3948 1431 1
1 3948 15932 1
1 3948 16567 1
1 3948 15438 1
1 3948 9636 1
1 3954 7926 1
1 3955 331 1
1 3955 3446 1
1 3955 5361 1
1 3955 14955 1
1 3955 7824 1
1 3955 7918 1
1 3955 14958 1
1 3955 7926 1
1 3955 14957 1
1 3958 7911 1
1 3958 5363 1
1 3958 14955 1
1 3958 7916 1
1 3958 14958 1
1 3958 7927 1
1 3958 5362 1
1 3958 7926 1
1 3958 14957 1
1 3958 7826 1
1 3964 14767 1
1 3964 3445 1
1 3964 9454 1
1 3964 14923 1
1 3964 3472 1
1 3964 3471 1
1 3968 145 1
1 3972 10770 1
1 3977 17059 1
1 3977 14750 1
1 3977 6541 1
1 3981 7826 1
1 3984 3446 1
1 3984 7916 1
1 3984 14704 1
1 3987 14760 1
1 3987 330 1
1 3987 328 1
1 3987 329 1
1 3987 10856 1
1 3990 14955 1
1 3990 14958 1
1 3990 7823 1
1 3990 14957 1
1 3990 14648 1
1 3991 3090 1
1 3991 1833 1
1 3991 1838 1
1 3991 1828 1
1 3991 1829 1
1 3991 1834 1
1 3993 3445 1
1 3997 481 1
1 3997 3383 1
1 3997 3385 1
1 3997 462 1
1 3997 14773 1
1 4001 331 1
1 4001 333 1
1 4008 336 1
1 4012 11048 1
1 4012 14593 1
1 4012 462 1
1 4012 461 1
1 4012 460 1
1 4015 7191 1
1 4015 7194 1
1 4017 12880 1
1 4017 11030 1
1 4017 8557 1
1 4021 336 1
1 4022 8557 1
1 4027 12455 1
1 4027 6683 1
1 4027 14767 1
1 4027 1827 1
1 4027 1825 1
1 4027 1830 1
1 4027 9120 1
1 4027 6615 1
1 4027 1831 1
1 4027 9491 1
1 4027 39 1
1 4027 11030 1
1 4027 1832 1
1 4027 5786 1
1 4027 17057 1
1 4027 6462 1
1 4027 88 1
1 4027 6551 1
1 4027 1836 1
1 4027 15728 1
1 4027 9670 1
1 4027 9674 1
1 4027 2849 1
1 4027 8345 1
1 4027 9659 1
1 4027 8503 1
1 4027 1838 1
1 4027 4971 1
1 4027 7614 1
1 4027 12312 1
1 4027 14923 1
1 4027 2852 1
1 4027 1829 1
1 4027 66 1
1 4030 39 1
1 4030 3445 1
1 4031 2686 1
1 4031 39 1
1 4031 7911 1
1 4031 331 1
1 4031 5364 1
1 4031 7916 1
1 4031 7918 1
1 4031 7823 1
1 4031 5362 1
1 4031 7926 1
1 4032 14593 1
1 4032 3429 1
1 4032 14648 1
1 4037 332 1
1 4037 333 1
1 4037 10856 1
1 4039 14028 1
1 4041 330 1
1 4045 39 1
1 4045 7826 1
1 4047 39 1
1 4047 14987 1
1 4049 8655 1
1 4052 8557 1
1 4057 11298 1
1 4060 14593 1
1 4060 7845 1
1 4060 5875 1
1 4060 66 1
1 4061 5361 1
1 4061 14955 1
1 4061 14958 1
1 4061 7917 1
1 4061 14957 1
1 4064 14760 1
1 4064 39 1
1 4064 8529 1
1 4064 16655 1
1 4070 336 1
1 4071 7916 1
1 4071 7918 1
1 4071 7914 1
1 4071 7927 1
1 4071 7919 1
1 4071 7925 1
1 4071 7926 1
1 4071 14923 1
1 4072 2686 1
1 4072 2688 1
1 4072 2689 1
1 4072 2687 1
1 4075 15793 1
1 4077 39 1
1 4077 5878 1
1 4077 7926 1
1 4077 8557 1
1 4077 5483 1
1 4077 14648 1
1 4077 5484 1
1 4077 5096 1
1 4078 3327 1
1 4078 13082 1
1 4080 2686 1
1 4080 7911 1
1 4080 331 1
1 4080 332 1
1 4080 333 1
1 4080 2687 1
1 4080 5363 1
1 4080 5364 1
1 4080 7918 1
1 4080 7927 1
1 4080 7823 1
1 4080 5362 1
1 4080 7926 1
1 4082 481 1
1 4083 14760 1
1 4091 7911 1
1 4091 332 1
1 4091 333 1
1 4091 330 1
1 4091 7823 1
1 4091 329 1
1 4091 14648 1
1 4091 10856 1
1 4093 39 1
1 4093 10051 1
1 4094 7844 1
1 4094 7128 1
1 4095 7918 1
1 4095 7914 1
1 4095 7915 1
1 4095 7917 1
1 4095 7925 1
1 4104 7911 1
1 4104 331 1
1 4104 5361 1
1 4104 333 1
1 4104 7927 1
1 4104 5362 1
1 4106 39 1
1 4110 462 1
1 4110 14773 1
1 4112 330 1
1 4112 329 1
1 4112 8557 1
1 4113 331 1
1 4113 3446 1
1 4113 14955 1
1 4113 15791 1
1 4113 14958 1
1 4113 14957 1
1 4113 11763 1
1 4115 14593 1
1 4124 14955 1
1 4124 14958 1
1 4124 14957 1
1 4128 9881 1
1 4132 335 1
1 4132 2686 1
1 4132 2688 1
1 4132 334 1
1 4132 2685 1
1 4132 15956 1
1 4132 5364 1
1 4132 7912 1
1 4132 7914 1
1 4132 7915 1
1 4132 14958 1
1 4132 7927 1
1 4132 7917 1
1 4132 7926 1
1 4132 8557 1
1 4132 14923 1
1 4132 14648 1
1 4136 14767 1
1 4136 14770 1
1 4136 14146 1
1 4136 684 1
1 4136 14202 1
1 4136 14923 1
1 4136 15503 1
1 4140 9452 1
1 4140 531 1
1 4140 5793 1
1 4140 9454 1
1 4146 14767 1
1 4146 14923 1
1 4151 14460 1
1 4151 9975 1
1 4156 14767 1
1 4156 145 1
1 4156 14923 1
1 4161 5361 1
1 4167 1982 1
1 4168 1836 1
1 4168 1829 1
1 4168 1834 1
1 4173 8639 1
1 4173 3444 1
1 4173 14957 1
1 4175 14760 1
1 4175 14770 1
1 4175 5879 1
1 4175 14593 1
1 4175 5878 1
1 4175 688 1
1 4175 7083 1
1 4176 462 1
1 4176 461 1
1 4176 460 1
1 4177 16526 1
1 4177 10060 1
1 4177 232 1
1 4186 332 1
1 4186 333 1
1 4186 15780 1
1 4189 5361 1
1 4194 332 1
1 4194 145 1
1 4194 323 1
1 4196 1827 1
1 4196 1830 1
1 4196 1836 1
1 4196 1828 1
1 4198 2686 1
1 4198 2688 1
1 4198 2689 1
1 4198 2687 1
1 4199 8252 1
1 4201 39 1
1 4201 8557 1
1 4206 1827 1
1 4206 1833 1
1 4206 1838 1
1 4206 1828 1
1 4209 9941 1
1 4211 322 1
1 4217 2686 1
1 4217 39 1
1 4217 7911 1
1 4217 331 1
1 4217 332 1
1 4217 333 1
1 4217 2687 1
1 4217 5363 1
1 4217 7916 1
1 4217 7918 1
1 4217 7927 1
1 4217 7823 1
1 4217 5362 1
1 4217 7926 1
1 4217 5483 1
1 4217 14648 1
1 4217 5484 1
1 4219 11038 1
1 4219 11049 1
1 4219 5875 1
1 4220 8557 1
1 4221 39 1
1 4221 7823 1
1 4221 16045 1
1 4225 1827 1
1 4225 1825 1
1 4225 1830 1
1 4225 1831 1
1 4225 1832 1
1 4225 1833 1
1 4225 1836 1
1 4225 1838 1
1 4225 1828 1
1 4225 1834 1
1 4227 1321 1
1 4227 1255 1
1 4227 8557 1
1 4227 14648 1
1 4227 7825 1
1 4234 2686 1
1 4234 7911 1
1 4234 331 1
1 4234 332 1
1 4234 333 1
1 4234 2687 1
1 4234 5363 1
1 4234 7916 1
1 4234 7918 1
1 4234 328 1
1 4234 7823 1
1 4234 5362 1
1 4234 7926 1
1 4234 688 1
1 4239 15403 1
1 4241 11049 1
1 4241 6943 1
1 4242 1825 1
1 4242 1830 1
1 4242 481 1
1 4242 14773 1
1 4243 12017 1
1 4243 12035 1
1 4243 12013 1
1 4243 12012 1
1 4247 336 1
1 4250 1831 1
1 4250 1838 1
1 4250 1828 1
1 4250 1829 1
1 4251 3445 1
1 4252 7214 1
1 4258 14767 1
1 4258 14760 1
1 4258 14770 1
1 4258 10051 1
1 4258 10060 1
1 4258 14923 1
1 4266 1827 1
1 4266 1825 1
1 4266 1830 1
1 4266 1832 1
1 4266 1833 1
1 4266 1836 1
1 4266 1838 1
1 4266 1829 1
1 4266 1834 1
1 4267 14767 1
1 4267 7920 1
1 4267 8557 1
1 4267 14923 1
1 4279 7805 1
1 4279 7254 1
1 4279 7268 1
1 4280 14767 1
1 4280 7920 1
1 4280 8557 1
1 4280 14923 1
1 4282 14950 1
1 4283 14955 1
1 4283 14958 1
1 4283 14957 1
1 4283 8557 1
1 4283 14648 1
1 4284 39 1
1 4284 3446 1
1 4286 14760 1
1 4288 14760 1
1 4291 7805 1
1 4291 13075 1
1 4291 13077 1
1 4291 2003 1
1 4291 2002 1
1 4291 2000 1
1 4291 2001 1
1 4294 7916 1
1 4294 7918 1
1 4294 7917 1
1 4295 11300 1
1 4295 8557 1
1 4299 14767 1
1 4299 14760 1
1 4299 14770 1
1 4304 2686 1
1 4304 2688 1
1 4304 7911 1
1 4304 2689 1
1 4304 331 1
1 4304 2685 1
1 4304 2687 1
1 4304 5360 1
1 4304 5363 1
1 4304 7918 1
1 4304 7823 1
1 4304 5362 1
1 4304 7926 1
1 4304 8557 1
1 4305 5361 1
1 4305 5360 1
1 4305 5364 1
1 4305 14955 1
1 4305 14958 1
1 4305 5362 1
1 4305 14957 1
1 4305 7825 1
1 4306 332 1
1 4306 333 1
1 4306 7913 1
1 4306 7912 1
1 4306 7916 1
1 4306 7918 1
1 4306 7914 1
1 4306 7917 1
1 4306 10856 1
1 4309 334 1
1 4309 336 1
1 4310 5985 1
1 4314 3388 1
1 4324 7911 1
1 4324 7916 1
1 4324 7918 1
1 4326 11299 1
1 4329 336 1
1 4329 7913 1
1 4329 7916 1
1 4329 7917 1
1 4333 332 1
1 4333 333 1
1 4334 393 1
1 4334 14988 1
1 4334 14987 1
1 4336 3307 1
1 4337 3446 1
1 4337 3445 1
1 4337 8557 1
1 4338 3446 1
1 4338 7825 1
1 4340 12017 1
1 4340 14767 1
1 4340 52 1
1 4340 12033 1
1 4340 12965 1
1 4340 14832 1
1 4340 12013 1
1 4340 12032 1
1 4341 14767 1
1 4341 14593 1
1 4341 688 1
1 4341 5875 1
1 4345 1321 1
1 4347 334 1
1 4347 336 1
1 4350 2686 1
1 4350 2688 1
1 4350 2689 1
1 4350 2687 1
1 4352 7911 1
1 4352 14955 1
1 4352 14957 1
1 4361 1197 1
1 4361 39 1
1 4361 10051 1
1 4361 5096 1
1 4362 7911 1
1 4363 1833 1
1 4363 1836 1
1 4363 1829 1
1 4363 1834 1
1 4367 7128 1
1 4370 3429 1
1 4370 3427 1
1 4371 3428 1
1 4372 14773 1
1 4374 3427 1
1 4375 1992 1
1 4381 10856 1
1 4382 2685 1
1 4384 1827 1
1 4384 1833 1
1 4384 1836 1
1 4384 1838 1
1 4384 1829 1
1 4384 1834 1
1 4386 2608 1
1 4386 11037 1
1 4387 12647 1
1 4391 5518 1
1 4392 7594 1
1 4392 14923 1
1 4392 66 1
1 4394 14773 1
1 4397 2686 1
1 4397 145 1
1 4398 8557 1
1 4401 12647 1
1 4403 7203 1
1 4410 14773 1
1 4419 2688 1
1 4419 2689 1
1 4421 7214 1
1 4422 10313 1
1 4422 7917 1
1 4426 12880 1
1 4426 14958 1
1 4426 7826 1
1 4428 2686 1
1 4428 2688 1
1 4428 2689 1
1 4428 2685 1
1 4428 2687 1
1 4431 8557 1
1 4437 8529 1
1 4439 76 1
1 4439 2942 1
1 4439 12376 1
1 4439 3498 1
1 4439 3497 1
1 4450 3430 1
1 4450 9663 1
1 4450 3432 1
1 4453 12028 1
1 4455 1860 1
1 4455 2686 1
1 4455 39 1
1 4455 7911 1
1 4455 331 1
1 4455 332 1
1 4455 333 1
1 4455 2687 1
1 4455 5363 1
1 4455 7913 1
1 4455 7916 1
1 4455 7918 1
1 4455 7927 1
1 4455 328 1
1 4455 7823 1
1 4455 11301 1
1 4455 11298 1
1 4455 11299 1
1 4458 12880 1
1 4458 688 1
1 4465 7225 1
1 4465 3428 1
1 4465 39 1
1 4465 3429 1
1 4465 3464 1
1 4467 12017 1
1 4467 12025 1
1 4467 8557 1
1 4467 12019 1
1 4467 12018 1
1 4468 7917 1
1 4468 8557 1
1 4468 7826 1
1 4469 8531 1
1 4469 6927 1
1 4478 481 1
1 4481 3428 1
1 4481 3464 1
1 4482 12175 1
1 4486 9612 1
1 4487 10051 1
1 4490 14767 1
1 4490 39 1
1 4490 336 1
1 4492 6543 1
1 4494 14727 1
1 4494 14773 1
1 4495 14958 1
1 4495 7926 1
1 4495 7826 1
1 4497 1827 1
1 4497 1833 1
1 4497 1838 1
1 4497 1828 1
1 4497 1829 1
1 4497 1834 1
1 4502 39 1
1 4502 5361 1
1 4502 14955 1
1 4502 14958 1
1 4502 7823 1
1 4502 14957 1
1 4504 14760 1
1 4504 7911 1
1 4504 331 1
1 4504 5361 1
1 4504 14955 1
1 4504 7824 1
1 4504 7912 1
1 4504 7918 1
1 4504 14958 1
1 4504 14957 1
1 4504 8557 1
1 4508 14955 1
1 4508 14958 1
1 4508 14957 1
1 4512 15956 1
1 4512 13067 1
1 4512 13070 1
1 4512 14990 1
1 4514 331 1
1 4514 332 1
1 4514 333 1
1 4517 12019 1
1 4521 7911 1
1 4523 14767 1
1 4523 2686 1
1 4523 2688 1
1 4523 2689 1
1 4523 2685 1
1 4523 2687 1
1 4523 8557 1
1 4525 14958 1
1 4531 56 1
1 4531 39 1
1 4532 10985 1
1 4533 14767 1
1 4533 8557 1
1 4533 14923 1
1 4535 8557 1
1 4538 7917 1
1 4541 1827 1
1 4541 1836 1
1 4541 1838 1
1 4541 1828 1
1 4544 5966 1
1 4550 336 1
1 4551 12300 1
1 4551 1537 1
1 4551 14923 1
1 4552 6649 1
1 4552 6651 1
1 4556 336 1
1 4558 14773 1
1 4563 3429 1
1 4570 335 1
1 4570 334 1
1 4570 15956 1
1 4570 14955 1
1 4570 7915 1
1 4570 14958 1
1 4570 7925 1
1 4570 8557 1
1 4578 3446 1
1 4578 5362 1
1 4579 12362 1
1 4579 12175 1
1 4579 11049 1
1 4579 13082 1
1 4583 335 1
1 4583 39 1
1 4583 334 1
1 4583 14955 1
1 4583 14958 1
1 4583 7917 1
1 4583 7925 1
1 4583 14957 1
1 4583 8557 1
1 4584 5363 1
1 4584 5364 1
1 4584 7825 1
1 4586 3444 1
1 4586 3445 1
1 4586 14988 1
1 4586 14987 1
1 4587 331 1
1 4587 5361 1
1 4587 5360 1
1 4587 14955 1
1 4587 7824 1
1 4587 14958 1
1 4587 328 1
1 4587 5362 1
1 4587 7926 1
1 4587 14957 1
1 4588 8557 1
1 4589 2686 1
1 4589 7825 1
1 4597 1439 1
1 4597 15579 1
1 4597 1197 1
1 4597 5791 1
1 4597 9632 1
1 4597 9643 1
1 4597 13737 1
1 4597 5570 1
1 4597 13359 1
1 4597 3238 1
1 4597 13593 1
1 4597 7472 1
1 4597 6387 1
1 4597 1481 1
1 4597 12041 1
1 4597 5820 1
1 4597 6391 1
1 4597 5788 1
1 4597 17057 1
1 4597 8655 1
1 4597 6462 1
1 4597 1438 1
1 4597 16036 1
1 4597 17037 1
1 4597 3254 1
1 4597 10749 1
1 4597 8462 1
1 4597 9226 1
1 4597 5790 1
1 4597 1537 1
1 4597 9649 1
1 4597 15591 1
1 4597 13090 1
1 4597 5821 1
1 4597 9663 1
1 4597 4971 1
1 4597 9635 1
1 4597 17220 1
1 4597 17468 1
1 4597 9985 1
1 4597 10748 1
1 4597 15586 1
1 4597 1199 1
1 4597 9639 1
1 4597 10467 1
1 4597 15839 1
1 4597 15838 1
1 4597 14652 1
1 4597 9636 1
1 4601 12283 1
1 4601 9627 1
1 4601 12284 1
1 4601 15572 1
1 4601 12042 1
1 4601 5820 1
1 4601 5821 1
1 4601 15007 1
1 4601 12243 1
1 4608 335 1
1 4608 2686 1
1 4608 334 1
1 4608 15956 1
1 4608 7912 1
1 4608 7914 1
1 4608 14958 1
1 4608 8557 1
1 4609 1439 1
1 4609 12455 1
1 4609 2645 1
1 4609 1197 1
1 4609 6683 1
1 4609 5791 1
1 4609 12904 1
1 4609 3505 1
1 4609 8461 1
1 4609 1490 1
1 4609 14000 1
1 4609 13999 1
1 4609 15575 1
1 4609 15576 1
1 4609 15572 1
1 4609 2646 1
1 4609 5570 1
1 4609 11129 1
1 4609 8295 1
1 4609 9120 1
1 4609 6615 1
1 4609 17708 1
1 4609 9491 1
1 4609 13593 1
1 4609 9880 1
1 4609 7472 1
1 4609 6397 1
1 4609 6387 1
1 4609 2426 1
1 4609 15409 1
1 4609 12216 1
1 4609 6342 1
1 4609 12843 1
1 4609 3262 1
1 4609 6390 1
1 4609 6391 1
1 4609 14002 1
1 4609 8460 1
1 4609 2421 1
1 4609 9707 1
1 4609 17057 1
1 4609 16974 1
1 4609 16208 1
1 4609 9722 1
1 4609 88 1
1 4609 9674 1
1 4609 9624 1
1 4609 9623 1
1 4609 3254 1
1 4609 2849 1
1 4609 2850 1
1 4609 13998 1
1 4609 10749 1
1 4609 9626 1
1 4609 9659 1
1 4609 5783 1
1 4609 5790 1
1 4609 5787 1
1 4609 3261 1
1 4609 5184 1
1 4609 2427 1
1 4609 2417 1
1 4609 13088 1
1 4609 1537 1
1 4609 16572 1
1 4609 8557 1
1 4609 9649 1
1 4609 9631 1
1 4609 15591 1
1 4609 9669 1
1 4609 12907 1
1 4609 1915 1
1 4609 1917 1
1 4609 1916 1
1 4609 13090 1
1 4609 1911 1
1 4609 13997 1
1 4609 5785 1
1 4609 13996 1
1 4609 10466 1
1 4609 12215 1
1 4609 4971 1
1 4609 15 1
1 4609 10468 1
1 4609 9422 1
1 4609 9706 1
1 4609 7611 1
1 4609 1912 1
1 4609 1919 1
1 4609 10485 1
1 4609 14540 1
1 4609 1199 1
1 4609 1913 1
1 4609 1920 1
1 4609 10004 1
1 4609 10467 1
1 4609 15007 1
1 4609 16575 1
1 4609 2852 1
1 4609 10005 1
1 4609 15124 1
1 4609 1431 1
1 4609 8349 1
1 4609 12453 1
1 4609 12301 1
1 4609 3504 1
1 4609 517 1
1 4609 1200 1
1 4609 1914 1
1 4609 15589 1
1 4609 9652 1
1 4609 9640 1
1 4611 334 1
1 4634 14773 1
1 4635 14773 1
1 4640 14726 1
1 4645 14767 1
1 4645 14923 1
1 4661 9611 1
1 4667 3446 1
1 4667 330 1
1 4667 7914 1
1 4667 7915 1
1 4667 14958 1
1 4667 328 1
1 4667 329 1
1 4667 7917 1
1 4675 1321 1
1 4677 14593 1
1 4689 3428 1
1 4698 8557 1
1 4704 6646 1
1 4708 14955 1
1 4708 14958 1
1 4708 14957 1
1 4709 14648 1
1 4715 14704 1
1 4732 9042 1
1 4738 12880 1
1 4741 331 1
1 4741 332 1
1 4741 333 1
1 4741 5363 1
1 4741 7918 1
1 4741 7927 1
1 4741 328 1
1 4741 7823 1
1 4741 5362 1
1 4741 7926 1
1 4743 7826 1
1 4744 5362 1
1 4745 5362 1
1 4746 2686 1
1 4746 7918 1
1 4746 7823 1
1 4746 7926 1
1 4751 13068 1
1 4751 9663 1
1 4752 9928 1
1 4752 5879 1
1 4752 5570 1
1 4752 5878 1
1 4752 7845 1
1 4752 12843 1
1 4752 7851 1
1 4752 688 1
1 4752 9663 1
1 4752 14988 1
1 4752 66 1
1 4752 14987 1
1 4753 12020 1
1 4753 12021 1
1 4753 12023 1
1 4754 14593 1
1 4754 6633 1
1 4754 7070 1
1 4757 10649 1
1 4757 7487 1
1 4757 7490 1
1 4757 7483 1
1 4757 7484 1
1 4757 7492 1
1 4757 7488 1
1 4759 7070 1
1 4762 2686 1
1 4762 2688 1
1 4762 2689 1
1 4762 2685 1
1 4762 2687 1
1 4762 2697 1
1 4763 1439 1
1 4763 12455 1
1 4763 6683 1
1 4763 9643 1
1 4763 12317 1
1 4763 8461 1
1 4763 13865 1
1 4763 14000 1
1 4763 2439 1
1 4763 15576 1
1 4763 8776 1
1 4763 12300 1
1 4763 12216 1
1 4763 12041 1
1 4763 12843 1
1 4763 9584 1
1 4763 5778 1
1 4763 5820 1
1 4763 14002 1
1 4763 219 1
1 4763 17057 1
1 4763 6462 1
1 4763 221 1
1 4763 6551 1
1 4763 9670 1
1 4763 9624 1
1 4763 9623 1
1 4763 3254 1
1 4763 2849 1
1 4763 2850 1
1 4763 2851 1
1 4763 8345 1
1 4763 13998 1
1 4763 8462 1
1 4763 5783 1
1 4763 5787 1
1 4763 2417 1
1 4763 12846 1
1 4763 12845 1
1 4763 9649 1
1 4763 13864 1
1 4763 1915 1
1 4763 1917 1
1 4763 1916 1
1 4763 5455 1
1 4763 2414 1
1 4763 13089 1
1 4763 5821 1
1 4763 13997 1
1 4763 13996 1
1 4763 7213 1
1 4763 9422 1
1 4763 15837 1
1 4763 17468 1
1 4763 7611 1
1 4763 17219 1
1 4763 9985 1
1 4763 1919 1
1 4763 3255 1
1 4763 7614 1
1 4763 12312 1
1 4763 15586 1
1 4763 7219 1
1 4763 15582 1
1 4763 2416 1
1 4763 1920 1
1 4763 9639 1
1 4763 5597 1
1 4763 15839 1
1 4763 7612 1
1 4763 7613 1
1 4763 10005 1
1 4763 3258 1
1 4763 8349 1
1 4763 12301 1
1 4763 15932 1
1 4763 14001 1
1 4763 15838 1
1 4763 7963 1
1 4763 1914 1
1 4763 9636 1
1 4764 10042 1
1 4764 10051 1
1 4764 10057 1
1 4764 10058 1
1 4764 10060 1
1 4764 10046 1
1 4764 10047 1
1 4764 232 1
1 4766 1832 1
1 4767 7486 1
1 4767 5971 1
1 4767 7487 1
1 4767 7482 1
1 4767 14502 1
1 4767 7485 1
1 4767 7483 1
1 4767 7484 1
1 4767 7489 1
1 4767 7492 1
1 4767 7488 1
1 4768 2686 1
1 4768 2688 1
1 4768 2689 1
1 4768 2687 1
1 4769 7128 1
1 4771 14593 1
1 4775 3428 1
1 4775 3464 1
1 4776 7911 1
1 4776 14955 1
1 4776 14958 1
1 4776 7823 1
1 4776 14957 1
1 4777 2237 1
1 4782 11301 1
1 4782 11298 1
1 4782 11299 1
1 4782 1855 1
1 4783 335 1
1 4783 334 1
1 4783 7911 1
1 4783 331 1
1 4783 332 1
1 4783 333 1
1 4783 15956 1
1 4783 5363 1
1 4783 7913 1
1 4783 7912 1
1 4783 7914 1
1 4783 14958 1
1 4783 7823 1
1 4783 5362 1
1 4783 11300 1
1 4783 7917 1
1 4783 7926 1
1 4783 8557 1
1 4784 2686 1
1 4785 14748 1
1 4787 8531 1
1 4787 8557 1
1 4788 7911 1
1 4789 5791 1
1 4789 1827 1
1 4789 15572 1
1 4789 1825 1
1 4789 1830 1
1 4789 13359 1
1 4789 9120 1
1 4789 6615 1
1 4789 3238 1
1 4789 1831 1
1 4789 17708 1
1 4789 9491 1
1 4789 13593 1
1 4789 7472 1
1 4789 12042 1
1 4789 6397 1
1 4789 15409 1
1 4789 1481 1
1 4789 12041 1
1 4789 5778 1
1 4789 1832 1
1 4789 5780 1
1 4789 5781 1
1 4789 5786 1
1 4789 5788 1
1 4789 1833 1
1 4789 16208 1
1 4789 6462 1
1 4789 3248 1
1 4789 88 1
1 4789 6551 1
1 4789 1836 1
1 4789 9670 1
1 4789 9674 1
1 4789 2849 1
1 4789 1411 1
1 4789 9659 1
1 4789 5789 1
1 4789 5783 1
1 4789 5790 1
1 4789 5787 1
1 4789 5782 1
1 4789 16045 1
1 4789 9660 1
1 4789 11131 1
1 4789 9663 1
1 4789 11130 1
1 4789 1838 1
1 4789 4971 1
1 4789 16583 1
1 4789 15837 1
1 4789 12312 1
1 4789 9648 1
1 4789 15839 1
1 4789 2852 1
1 4789 17741 1
1 4789 1829 1
1 4789 2364 1
1 4790 6201 1
1 4790 5338 1
1 4790 5339 1
1 4796 14955 1
1 4796 14958 1
1 4800 2686 1
1 4800 2688 1
1 4800 7911 1
1 4800 331 1
1 4800 2685 1
1 4800 5361 1
1 4800 332 1
1 4800 333 1
1 4800 5360 1
1 4800 5363 1
1 4800 5364 1
1 4800 14955 1
1 4800 7913 1
1 4800 7916 1
1 4800 7918 1
1 4800 7927 1
1 4800 7823 1
1 4800 5362 1
1 4800 7926 1
1 4800 14957 1
1 4800 14648 1
1 4801 332 1
1 4801 333 1
1 4802 8603 1
1 4802 8602 1
1 4802 8604 1
1 4802 8605 1
1 4803 6492 1
1 4805 334 1
1 4811 1439 1
1 4811 12455 1
1 4811 6683 1
1 4811 5791 1
1 4811 13737 1
1 4811 13865 1
1 4811 15572 1
1 4811 5570 1
1 4811 9120 1
1 4811 6615 1
1 4811 3238 1
1 4811 17708 1
1 4811 9491 1
1 4811 13593 1
1 4811 9880 1
1 4811 7472 1
1 4811 12042 1
1 4811 6397 1
1 4811 8776 1
1 4811 6387 1
1 4811 15409 1
1 4811 12216 1
1 4811 6461 1
1 4811 6390 1
1 4811 5820 1
1 4811 6391 1
1 4811 14002 1
1 4811 5780 1
1 4811 5781 1
1 4811 5786 1
1 4811 6464 1
1 4811 8655 1
1 4811 6462 1
1 4811 3248 1
1 4811 88 1
1 4811 6551 1
1 4811 2434 1
1 4811 8345 1
1 4811 5783 1
1 4811 5790 1
1 4811 5787 1
1 4811 5782 1
1 4811 7933 1
1 4811 13739 1
1 4811 16045 1
1 4811 10283 1
1 4811 1537 1
1 4811 9649 1
1 4811 13090 1
1 4811 5821 1
1 4811 5785 1
1 4811 12215 1
1 4811 9635 1
1 4811 17220 1
1 4811 9985 1
1 4811 15586 1
1 4811 15582 1
1 4811 9648 1
1 4811 15007 1
1 4811 10005 1
1 4811 8349 1
1 4811 16567 1
1 4811 14652 1
1 4811 9652 1
1 4811 9640 1
1 4813 335 1
1 4813 2686 1
1 4813 39 1
1 4813 334 1
1 4813 7911 1
1 4813 331 1
1 4813 2687 1
1 4813 5360 1
1 4813 15956 1
1 4813 5363 1
1 4813 8531 1
1 4813 7913 1
1 4813 7912 1
1 4813 7914 1
1 4813 7915 1
1 4813 14958 1
1 4813 7927 1
1 4813 7823 1
1 4813 5362 1
1 4815 7911 1
1 4815 5361 1
1 4815 332 1
1 4815 333 1
1 4815 5360 1
1 4815 7824 1
1 4815 7915 1
1 4815 14958 1
1 4815 7927 1
1 4815 328 1
1 4815 5362 1
1 4815 7917 1
1 4815 7926 1
1 4815 14957 1
1 4815 7826 1
1 4816 3445 1
1 4816 2943 1
1 4816 8557 1
1 4818 3446 1
1 4818 3445 1
1 4818 5335 1
1 4819 14955 1
1 4819 11301 1
1 4821 322 1
1 4821 323 1
1 4821 321 1
1 4822 335 1
1 4822 2686 1
1 4822 334 1
1 4822 7911 1
1 4822 331 1
1 4822 5361 1
1 4822 332 1
1 4822 333 1
1 4822 15956 1
1 4822 7913 1
1 4822 7912 1
1 4822 7916 1
1 4822 7918 1
1 4822 7914 1
1 4822 14958 1
1 4822 7823 1
1 4822 5362 1
1 4823 1827 1
1 4823 1825 1
1 4823 1830 1
1 4823 1831 1
1 4823 1832 1
1 4823 1833 1
1 4823 1836 1
1 4823 1838 1
1 4823 1828 1
1 4823 1829 1
1 4823 1834 1
1 4829 331 1
1 4829 333 1
1 4829 5363 1
1 4829 7913 1
1 4829 7912 1
1 4829 7917 1
1 4829 7926 1
1 4830 14939 1
1 4830 14941 1
1 4830 14940 1
1 4830 14942 1
1 4831 5338 1
1 4831 5339 1
1 4832 1439 1
1 4832 5791 1
1 4832 12317 1
1 4832 8461 1
1 4832 6347 1
1 4832 3238 1
1 4832 9491 1
1 4832 13593 1
1 4832 9880 1
1 4832 7472 1
1 4832 12042 1
1 4832 8776 1
1 4832 6387 1
1 4832 1481 1
1 4832 12041 1
1 4832 6461 1
1 4832 6391 1
1 4832 9463 1
1 4832 17057 1
1 4832 6464 1
1 4832 8655 1
1 4832 6462 1
1 4832 16137 1
1 4832 15728 1
1 4832 9670 1
1 4832 8345 1
1 4832 16045 1
1 4832 9649 1
1 4832 9628 1
1 4832 16571 1
1 4832 4971 1
1 4832 9635 1
1 4832 15837 1
1 4832 12312 1
1 4832 13732 1
1 4832 15007 1
1 4832 15839 1
1 4832 12243 1
1 4832 15838 1
1 4832 9636 1
1 4833 7916 1
1 4833 7917 1
1 4834 15579 1
1 4834 2752 1
1 4834 13733 1
1 4834 9627 1
1 4834 2645 1
1 4834 1974 1
1 4834 6683 1
1 4834 5791 1
1 4834 9632 1
1 4834 9643 1
1 4834 13737 1
1 4834 11135 1
1 4834 8461 1
1 4834 13865 1
1 4834 17218 1
1 4834 11826 1
1 4834 15572 1
1 4834 12855 1
1 4834 2415 1
1 4834 2646 1
1 4834 5570 1
1 4834 5818 1
1 4834 11129 1
1 4834 9120 1
1 4834 6615 1
1 4834 11008 1
1 4834 6347 1
1 4834 3238 1
1 4834 17708 1
1 4834 9491 1
1 4834 13593 1
1 4834 9880 1
1 4834 7472 1
1 4834 12042 1
1 4834 6397 1
1 4834 8776 1
1 4834 15409 1
1 4834 12216 1
1 4834 12041 1
1 4834 6342 1
1 4834 5778 1
1 4834 5820 1
1 4834 14002 1
1 4834 5780 1
1 4834 5781 1
1 4834 5786 1
1 4834 5788 1
1 4834 9463 1
1 4834 17057 1
1 4834 17585 1
1 4834 1211 1
1 4834 7216 1
1 4834 16208 1
1 4834 9622 1
1 4834 6462 1
1 4834 3248 1
1 4834 9722 1
1 4834 16036 1
1 4834 17037 1
1 4834 88 1
1 4834 6551 1
1 4834 17742 1
1 4834 15728 1
1 4834 9624 1
1 4834 9623 1
1 4834 3254 1
1 4834 3256 1
1 4834 2849 1
1 4834 2850 1
1 4834 2851 1
1 4834 2434 1
1 4834 1411 1
1 4834 8345 1
1 4834 13998 1
1 4834 1442 1
1 4834 10749 1
1 4834 8462 1
1 4834 9626 1
1 4834 12452 1
1 4834 5789 1
1 4834 5783 1
1 4834 5790 1
1 4834 5787 1
1 4834 5782 1
1 4834 7933 1
1 4834 14649 1
1 4834 9646 1
1 4834 2417 1
1 4834 12846 1
1 4834 9621 1
1 4834 16045 1
1 4834 12850 1
1 4834 10283 1
1 4834 13088 1
1 4834 12845 1
1 4834 1537 1
1 4834 17061 1
1 4834 16572 1
1 4834 8427 1
1 4834 5205 1
1 4834 9649 1
1 4834 9631 1
1 4834 9877 1
1 4834 15591 1
1 4834 11823 1
1 4834 9669 1
1 4834 11825 1
1 4834 9628 1
1 4834 13864 1
1 4834 1917 1
1 4834 1440 1
1 4834 8149 1
1 4834 13089 1
1 4834 5821 1
1 4834 13997 1
1 4834 10466 1
1 4834 11131 1
1 4834 12349 1
1 4834 12350 1
1 4834 9630 1
1 4834 11130 1
1 4834 12215 1
1 4834 4971 1
1 4834 15 1
1 4834 9635 1
1 4834 16583 1
1 4834 9422 1
1 4834 17220 1
1 4834 15837 1
1 4834 16265 1
1 4834 17468 1
1 4834 7611 1
1 4834 1912 1
1 4834 9650 1
1 4834 17219 1
1 4834 9985 1
1 4834 3255 1
1 4834 7614 1
1 4834 10485 1
1 4834 606 1
1 4834 10748 1
1 4834 15586 1
1 4834 7219 1
1 4834 15582 1
1 4834 10486 1
1 4834 9648 1
1 4834 2416 1
1 4834 1920 1
1 4834 12315 1
1 4834 9639 1
1 4834 5597 1
1 4834 13731 1
1 4834 16928 1
1 4834 15585 1
1 4834 4927 1
1 4834 11136 1
1 4834 14651 1
1 4834 15007 1
1 4834 15839 1
1 4834 7612 1
1 4834 15429 1
1 4834 7613 1
1 4834 2852 1
1 4834 15587 1
1 4834 1431 1
1 4834 8349 1
1 4834 17741 1
1 4834 12453 1
1 4834 15580 1
1 4834 5600 1
1 4834 10883 1
1 4834 15590 1
1 4834 15932 1
1 4834 14001 1
1 4834 16567 1
1 4834 16264 1
1 4834 15838 1
1 4834 517 1
1 4834 15438 1
1 4834 1914 1
1 4834 9714 1
1 4834 14652 1
1 4834 9636 1
1 4834 9652 1
1 4834 15578 1
1 4834 9640 1
1 4835 5361 1
1 4835 14958 1
1 4835 7823 1
1 4835 5362 1
1 4835 7924 1
1 4836 8557 1
1 4838 7913 1
1 4838 7912 1
1 4843 14955 1
1 4843 14958 1
1 4847 2686 1
1 4847 2688 1
1 4847 2685 1
1 4848 14593 1
1 4849 332 1
1 4849 333 1
1 4849 10856 1
1 4861 11301 1
1 4861 11298 1
1 4861 11299 1
1 4867 13088 1
1 4876 331 1
1 4876 333 1
1 4876 7927 1
1 4877 481 1
1 4877 14605 1
1 4877 15077 1
1 4879 14154 1
1 4879 14151 1
1 4879 14153 1
1 4879 14155 1
1 4881 1439 1
1 4881 12455 1
1 4881 15579 1
1 4881 13733 1
1 4881 8148 1
1 4881 1974 1
1 4881 6683 1
1 4881 4925 1
1 4881 5791 1
1 4881 3505 1
1 4881 9643 1
1 4881 8461 1
1 4881 13865 1
1 4881 17218 1
1 4881 5857 1
1 4881 14000 1
1 4881 13999 1
1 4881 15575 1
1 4881 15576 1
1 4881 11757 1
1 4881 11827 1
1 4881 11129 1
1 4881 13593 1
1 4881 8776 1
1 4881 1481 1
1 4881 12216 1
1 4881 3262 1
1 4881 8460 1
1 4881 5781 1
1 4881 9463 1
1 4881 17057 1
1 4881 7216 1
1 4881 16974 1
1 4881 9622 1
1 4881 9670 1
1 4881 9624 1
1 4881 9623 1
1 4881 3254 1
1 4881 2850 1
1 4881 2434 1
1 4881 8345 1
1 4881 10750 1
1 4881 8462 1
1 4881 12452 1
1 4881 3503 1
1 4881 13739 1
1 4881 3261 1
1 4881 12846 1
1 4881 9621 1
1 4881 16572 1
1 4881 5205 1
1 4881 9649 1
1 4881 9628 1
1 4881 12858 1
1 4881 13864 1
1 4881 1915 1
1 4881 1917 1
1 4881 1916 1
1 4881 5455 1
1 4881 1440 1
1 4881 1911 1
1 4881 8149 1
1 4881 9867 1
1 4881 13997 1
1 4881 13996 1
1 4881 10466 1
1 4881 7213 1
1 4881 11131 1
1 4881 11130 1
1 4881 12215 1
1 4881 15 1
1 4881 9635 1
1 4881 9422 1
1 4881 17220 1
1 4881 9634 1
1 4881 9706 1
1 4881 15837 1
1 4881 17468 1
1 4881 7611 1
1 4881 1912 1
1 4881 17219 1
1 4881 4926 1
1 4881 606 1
1 4881 10753 1
1 4881 7219 1
1 4881 5457 1
1 4881 1913 1
1 4881 15436 1
1 4881 9639 1
1 4881 13731 1
1 4881 13732 1
1 4881 4927 1
1 4881 11136 1
1 4881 15839 1
1 4881 7612 1
1 4881 7613 1
1 4881 12454 1
1 4881 2852 1
1 4881 10005 1
1 4881 11829 1
1 4881 1431 1
1 4881 12453 1
1 4881 11828 1
1 4881 15580 1
1 4881 12243 1
1 4881 15590 1
1 4881 15932 1
1 4881 3504 1
1 4881 14001 1
1 4881 15838 1
1 4881 517 1
1 4881 15438 1
1 4881 1200 1
1 4881 1914 1
1 4881 9714 1
1 4881 14652 1
1 4881 9636 1
1 4882 13359 1
1 4882 1481 1
1 4883 5335 1
1 4883 6201 1
1 4884 1481 1
1 4884 5793 1
1 4884 8655 1
1 4885 2686 1
1 4885 2688 1
1 4885 2689 1
1 4885 2685 1
1 4885 2687 1
1 4886 13593 1
1 4886 8776 1
1 4886 8655 1
1 4886 7247 1
1 4888 2752 1
1 4888 6683 1
1 4888 5791 1
1 4888 13737 1
1 4888 15572 1
1 4888 5570 1
1 4888 5818 1
1 4888 9120 1
1 4888 9880 1
1 4888 7472 1
1 4888 15409 1
1 4888 12216 1
1 4888 5820 1
1 4888 1211 1
1 4888 6462 1
1 4888 17037 1
1 4888 6551 1
1 4888 9674 1
1 4888 1411 1
1 4888 8345 1
1 4888 9659 1
1 4888 5455 1
1 4888 5821 1
1 4888 9663 1
1 4888 12215 1
1 4888 7614 1
1 4888 5457 1
1 4888 10004 1
1 4888 15007 1
1 4888 10005 1
1 4888 14001 1
1 4888 5456 1
1 4889 14955 1
1 4889 14958 1
1 4889 14957 1
1 4890 5519 1
1 4890 5518 1
1 4569 322 1
1 4569 323 1
1 4772 14987 1
1 4672 1827 1
1 4672 1825 1
1 4672 1830 1
1 4432 2686 1
1 4432 2688 1
1 4432 2689 1
1 4432 2685 1
1 4432 2687 1
1 4432 8557 1
1 4880 3339 1
1 4880 5966 1
1 4880 3328 1
1 4880 2886 1
1 4880 3338 1
1 4880 3335 1
1 4880 3332 1
1 4878 1439 1
1 4878 12455 1
1 4878 13733 1
1 4878 8148 1
1 4878 1974 1
1 4878 1197 1
1 4878 4925 1
1 4878 10400 1
1 4878 5791 1
1 4878 9632 1
1 4878 9643 1
1 4878 13737 1
1 4878 8461 1
1 4878 13865 1
1 4878 17218 1
1 4878 15572 1
1 4878 12855 1
1 4878 5570 1
1 4878 11129 1
1 4878 8295 1
1 4878 9120 1
1 4878 6615 1
1 4878 6347 1
1 4878 3238 1
1 4878 17708 1
1 4878 9491 1
1 4878 13593 1
1 4878 8051 1
1 4878 9880 1
1 4878 13877 1
1 4878 6397 1
1 4878 8776 1
1 4878 15409 1
1 4878 8296 1
1 4878 6342 1
1 4878 6461 1
1 4878 2412 1
1 4878 5778 1
1 4878 6391 1
1 4878 14002 1
1 4878 8460 1
1 4878 5780 1
1 4878 5781 1
1 4878 5786 1
1 4878 9463 1
1 4878 17057 1
1 4878 1211 1
1 4878 7216 1
1 4878 16208 1
1 4878 6462 1
1 4878 217 1
1 4878 16136 1
1 4878 17037 1
1 4878 88 1
1 4878 6551 1
1 4878 17742 1
1 4878 15728 1
1 4878 9623 1
1 4878 2434 1
1 4878 1411 1
1 4878 8345 1
1 4878 1442 1
1 4878 8462 1
1 4878 9226 1
1 4878 9227 1
1 4878 5783 1
1 4878 5790 1
1 4878 5787 1
1 4878 5782 1
1 4878 13739 1
1 4878 16045 1
1 4878 216 1
1 4878 10283 1
1 4878 13088 1
1 4878 1537 1
1 4878 17061 1
1 4878 16572 1
1 4878 8427 1
1 4878 5205 1
1 4878 9649 1
1 4878 9631 1
1 4878 9877 1
1 4878 15591 1
1 4878 9669 1
1 4878 9628 1
1 4878 13864 1
1 4878 16571 1
1 4878 13736 1
1 4878 8149 1
1 4878 13089 1
1 4878 12853 1
1 4878 5785 1
1 4878 16073 1
1 4878 11131 1
1 4878 11130 1
1 4878 15 1
1 4878 9635 1
1 4878 16583 1
1 4878 17220 1
1 4878 9634 1
1 4878 15837 1
1 4878 9650 1
1 4878 17219 1
1 4878 9985 1
1 4878 4926 1
1 4878 7614 1
1 4878 606 1
1 4878 10755 1
1 4878 15586 1
1 4878 10753 1
1 4878 5457 1
1 4878 9648 1
1 4878 1199 1
1 4878 1920 1
1 4878 15436 1
1 4878 12315 1
1 4878 9639 1
1 4878 13731 1
1 4878 11136 1
1 4878 14651 1
1 4878 15007 1
1 4878 15839 1
1 4878 1431 1
1 4878 8349 1
1 4878 15580 1
1 4878 15932 1
1 4878 15838 1
1 4878 517 1
1 4878 15438 1
1 4878 2411 1
1 4878 1200 1
1 4878 9636 1
1 4878 9652 1
1 4878 8348 1
1 4673 1827 1
1 4673 1825 1
1 4673 1830 1
